0
668868
1127368
4231524
27917456
28887856
29022208
29787716
30064580
30209632
30389228
30769572
30828728
41115448
41538640
42641740
43389848
43687484
43936128
49754888
50055656
50315876
50433232
51843388
51878880
51971968
52606064
53205784
53784960
54050280
56763968
56864764
57195352
57470780
64305332
66162172
66914108
67082380
67232188
67477128
67575684
67848024
68050364
68148152
68258612
70740612
72796352
72876528
73241968
73414040
73547076
73688764
73839988
73967156
74188136
74340016
74445176
74917992
75090656
75273180
75409452
75908756
76085672
76207824
76370424
76466324
77065916
77468704
77686056
78339044
78437752
79634700
80163320
80345564
80487252
80616908
80727664
81072280
81270084
81422992
81531480
81777388
82200108
82443492
82564284
82753104
82957596
83205580
83639768
83824856
83974436
84250212
84380096
84399400
85051404
86997000
88778328
93762556
95731092
98529332
100631148
101438368
102047132
103497516
103729240
103821828
103869772
104281532
104333960
104355880
104430604
105568496
105690692
105767828
105953992
106080400
106249736
124408696
124438624
124683452
124825376
124996452
125348100
125419344
125571332
125758304
125943680
126356096
126500012
126667216
130935960
131131512
131457968
131633268
131940876
132363492
132576904
136434580
139025044
139640620
139766124
139898676
140127584
140606332
140774848
141172476
141679760
141958316
142305236
142655592
142847860
143307996
143896148
144467648
144850804
146201616
146318980
146800644
146974272
148364532
148509824
148740632
148958152
155588808
162293016
165243200
165353004
165458684
165576112
165753180
165938220
166160292
166358936
166587648
167328480
167522140
167703448
167826852
167948736
168068344
168337984
168594512
168737528
168843432
169435860
169533156
169657508
169758164
169866620
170078612
170181916
170308296
170418588
170693228
170891032
171111744
171341996
171468604
171589008
172286760
176839056
177288072
177468704
177826784
178177392
178610804
178941936
179257024
179564704
179754960
180222880
180534984
180878368
181238932
181593012
181961760
182295380
182678136
182850068
183005080
186411472
186674356
189858408
190335892
193613264
193932764
198258892
198568856
198943160
199118692
199308192
199666628
200037136
200143244
200359756
200547236
200916264
201183452
201635400
201897216
202110160
202951192
204712812
205545376
205975296
209572880
209774364
210447836
211048888
211185656
211347976
212293072
213045332
213695928
213883256
214235012
214490620
215130788
215469744
215646900
216656104
225078420
279719748
279823644
280127156
280589168
281901776
282059728
283140644
283835344
284883724
286123688
287242404
287352516
287834256
288171412
288864560
289230356
289556364
289774116
294236772
295106668
295374616
296006420
296886720
297779732
298187652
301815688
301977388
302115492
302954748
303481904
303988272
304694844
304778824
305208420
305526880
305820092
307680472
307924848
308139508
308235308
308617564
308683092
308981608
309879560
311316516
311371296
311527060
312035072
312232708
312630820
315099264
318704980
318715244
319196468
320683124
321928928
322741756
323202808
324035848
324740584
325129676
327656344
327795952
330980260
332766616
348158724
348806596
349673184
350566832
350714532
354357952
356312404
357860060
359126856
360205660
360789708
362295572
364812472
378074596
380625036
380723988
382718544
385582116
385693168
386861340
388107944
388983596
389116212
389251524
389392932
389568924
390048472
390299436
390586960
391642088
392184768
393076536
394195168
395355584
395950192
396854140
397611096
397954980
397988148
398420148
398778724
399314920
401167816
401992036
402107936
403078884
403762832
404420340
404817596
404967784
405240444
406094636
407413968
407779656
409238528
412189392
417031140
420997032
422112328
422662436
423193636
425339808
426897468
427670256
428730124
429172480
429327632
430108700
432114976
433068964
434508572
435816756
436336840
437382372
444027456
444293832
444667024
445305732
446906700
447045472
447222012
447338692
447468608
447898588
448102004
448348600
448726040
448973888
451303104
457415488
458209964
458815384
459929268
462026808
462436372
463890672
892314312
894529980
894994920
895985340
896791756
898960424
899541104
900489408
901173384
902358928
925329196
974950788
975357088
975468740
986965508
987102944
987250400
987423072
987850708
988001884
988374164
988980096
989357588
989740484
990784344
991564628
992894452
993640184
994408900
1000978244
1001197776
1004965200
1005139428
1005406224
1005939168
1006788368
1006955128
1007101928
1007291180
1007646060
1007832076
1008015504
1008449832
1008502192
1009081164
1010387892
1010798724
1011160060
1011597456
1012193832
1012608548
1013338212
1013868828
1014488788
1015180320
1015450356
1015612716
1016853840
1017542808
1018218868
1018644792
1019294072
1019826700
1020680748
1020970192
1021529836
1021972236
1022409964
1023439360
1024141468
1025120436
1026047196
1026360596
1027358976
1028114552
1028882604
1029705400
1030699384
1031545888
1032401836
1032522312
1032666468
1032752248
1032979948
1033128172
1034433656
1034937352
1035331232
1035617464
1035843940
1036108280
1036568708
1037149880
1038165520
1038752620
1039236852
1039560920
1039857148
1040138816
1040485836
1040819996
1041425112
1041838048
1042315608
1042329100
1042337924
1042351976
1042391132
1042404456
1042424148
1043457788
1045830096
1047997708
1050112052
1050191472
1050257608
1050286348
1050814320
1050864388
1050897840
1051336976
1051604296
1051827336
1052342576
1052698024
1053081560
1054439716
1055796916
1056517172
1060651576
1061460844
1063804976
1063976008
1064087048
1064269956
1064310692
1064403296
1064423936
1064444496
1065459808
1065618892
1065761772
1065803884
1065989452
1066047864
1066104264
1066146256
1066213596
1066288592
1066952904
1067441640
1067528736
1067639532
1067746068
1067879832
1068028444
1068077188
1069971256
1070058192
1070090400
1070126928
1070257548
1071312528
1071731088
1071985764
1072340376
1072677072
1073123552
1073871464
1075319436
1075544276
1075977896
1076248856
1076836040
1077798916
1077962880
1078592280
1078775156
1079376932
1079453488
1079696812
1080064936
1080090248
1080134832
1080216764
1080472076
1080550532
1080613504
1080684624
1080774712
1084608656
1084704632
1085041416
1085707900
1085785792
1085852552
1085891284
1085973808
1086303608
1086427432
1086553060
1086687948
1086795836
1086858284
1087648584
1087777408
1087811216
1087844944
1088128936
1088218492
1089099128
1089158200
1089265528
1089295852
1090008684
1090027268
1090110044
1090780668
1090790148
1090815256
1090925372
1092516564
1092581312
1092639200
1092816320
1092831940
1093017812
1093704476
1093825884
1094315288
1094568052
1094581744
1094792740
1095174904
1095443860
1095726544
1096004108
1096280404
1096434332
1096628908
1096666948
1096693784
1096787680
1098134184
1099194580
1099870904
1100322056
1100575152
1101829524
1102746256
1104939800
1106552228
1108321140
1112046292
1114978660
1115547032
1116223448
1117007616
1117667868
1118310556
1120891928
1122063292
1122775128
1124458604
1125338992
1125955024
1126835304
1127377920
1128408160
1128602748
1128670216
1134852512
1135472616
1136858876
1137789028
1138303660
1138590996
1138810548
1139630120
1140306528
1141174116
1142233700
1142536764
1142655100
1143096316
1143275680
1143329404
1143379368
1144412500
1144908988
1145659320
1147167512
1148963276
1151068920
1151870464
1152091016
1153262232
1154260924
1154585220
1154739972
1155455148
1155579260
1155712284
1155844052
1155920336
1156379036
1156664884
1166189284
1167014652
1167318728
1167546880
1167663608
1167809900
1168262636
1172080232
1173478120
1183198224
1185176996
1185521852
1185682212
1185806176
1187169244
1187491260
1187542520
1188074000
1191195060
1191495308
1192136660
1195202164
1196359872
1197335600
1198330800
1198582124
1200827924
1201747280
1201905076
1202150744
1203829136
1204581508
1205921520
1205994880
1206101172
1206298272
1206506720
1206723356
1207649336
1209405004
1209841760
1210022032
1210212444
1210445396
1210760800
1211277328
1211628280
1211957908
1212168148
1212704736
1213072840
1214104032
1214552200
1216250096
1218399564
1219301708
1219378676
1220228360
1222167112
1222389780
1222875144
1223238504
1223934408
1224300344
1230063456
1231567100
1232255952
1232528088
1236838784
1237215700
1237644048
1238930580
1240035712
1240301696
1240485212
1244396632
1245168288
1245896992
1246297796
1247909224
1248141532
1249018672
1249889152
1250397228
1251596824
1252122036
1252372796
1252768220
1253023956
1253466580
1254353856
1254899060
1255270980
1255532016
1256872492
1259306556
1259439536
1260564868
1261136048
1262836652
1263630524
1264407828
1265132184
1268033540
1268662012
1268907344
1268985808
1269902132
1270646172
1270863548
1277644652
1278120284
1280831068
1281653464
1282281380
1282402312
1285355704
1287436592
1288237940
1288596028
1289263876
1291384592
1293605256
1295071236
1297027728
1299714744
1303262764
1304890032
1305422596
1305535628
1305639228
1305956848
1306574640
1307332040
1308133864
1308857476
1309649104
1309915316
1311198764
1311641292
1313030264
1313851728
1313973104
1315797336
1315947656
1316337592
1316862892
1317074032
1317817988
1318091632
1319280996
1320855008
1321708572
1321920128
1322700784
1323199140
1323827396
1324347032
1324496324
1325124536
1326114748
1326724452
1327427568
1328867468
1329821084
1330742628
1331487128
1332812152
1334032184
1336230472
1337076520
1338246296
1339173836
1339768592
1341700288
1343006420
1343318676
1343847044
1344405492
1345260356
1345908964
1346326304
1347188608
1349787656
1352851560
1353671788
1354676500
1355246348
1356841368
1357520540
1357757480
1358845040
1359627136
1359939092
1364069976
1365444516
1366973148
1367394444
1368065044
1369030576
1369395568
1369937864
1370502488
1374790972
1375108792
1375351604
1375466460
1376197560
1378004748
1381823220
1384632292
1385391772
1386688984
1386953748
1388433644
1392834576
1394141512
1397650564
1398411912
1400213392
1401028620
1401587924
1401765232
1402259884
1403099600
1403756568
1404101616
1404281968
1404483780
1404816808
1405048708
1405365944
1406062856
1406898840
1407497916
1408286096
1408575412
1408991232
1409389668
1409709600
1410071564
1410739884
1411583800
1412177808
1412929444
1413483036
1413901180
1414686976
1414964556
1416177492
1416921348
1429893040
1430564832
1431559400
1432606852
1434597800
1436436852
1437950452
1438782700
1439324076
1439533808
1440537328
1442516988
1443618612
1444193852
1445326692
1446218936
1446839988
1447159772
1447617508
1450006844
1450576424
1450866224
1451098576
1463268056
1464043664
1473229072
1473864464
1473957572
1475000052
1475088276
1475164272
1475290740
1475457748
1475544516
1475858360
1476033936
1476354516
1476432200
1476551280
1476833664
1476928912
1476995592
1477123700
1477173308
1477315048
1477455880
1477469476
1477528328
1477563916
1477592252
1477605304
1477631856
1477707328
1477725316
1477739992
1477746956
1477967756
1478107360
1478165800
1478181456
1478267992
1478310108
1478500308
1478546420
1483657416
1484295536
1484413540
1484441092
1490729804
1500144672
1500367764
1500522728
1500722764
1501903292
1502629008
1503317488
1504277164
1505901168
1507865056
1508486704
1510451264
1511578408
1511639364
1514032256
1514498152
1515157956
1515711920
1516332008
1516407420
1516505072
1517168332
1518242348
1523617984
1523649380
1523740320
1523803136
1523990752
1524084228
1524173620
1524243340
1524479952
1524542324
1524607964
1524627428
1524658216
1524683492
1524701712
1524715048
1524726740
1524740376
1524755652
1524781740
1524805084
1524872380
1524933032
1524944560
1524955716
1525006796
1525537808
1526169488
1526886172
1527439524
1532352464
1533867096
1534004016
1534050228
1534058624
1534153468
1534196704
1534213776
1534303088
1534323736
1534344420
1534386800
1534434444
1534512580
1534584936
1534669468
1534696108
1534837504
1534982040
1535026896
1535092332
1535186304
1535419480
1535460204
1535505712
1535586384
1535725808
1535782288
1578610228
1579064664
1581310188
1581350848
1581456464
1581525240
1581574220
1581699940
1581741660
1582297180
1582335972
1582419208
1582522644
1582537360
1582652288
1582706004
1582750816
1582786136
1582862260
1583102440
1583931356
1583945460
1583965468
1584006884
1584040624
1584612368
1584636888
1584662704
1584752620
1584786816
1585549124
1585703384
1585864168
1585978148
1586470512
1587063336
1587781756
1588346380
1590457744
1591640008
1591722508
1591842964
1591912348
1592073420
1592148744
1592606508
1593994196
1594646268
1594934812
1594972520
1595037180
1595146960
1595297672
1595437812
1595608312
1595710224
1595762476
1595867936
1595942292
1596009220
1596054508
1596417480
1596494532
1596542844
1596607504
1596717720
1597158108
1597231052
1597404844
1598413244
1599023876
1599338080
1600107104
1600951592
1601173368
1601876320
1601968212
1602200412
1603873688
1604059356
1604096280
1604192692
1604789444
1604896252
1605150636
1605172368
1605215292
1605322748
1605856124
1606285224
1606529876
1606615448
1606885928
1606968144
1607593476
1608411340
1608545048
1609106052
1611043324
1611311840
1611510464
1611645624
1611786000
1611959604
1612245752
1612389952
1612531232
1612753652
1612913328
1613023540
1613155196
1613271580
1613441156
1613563352
1613684360
1613802216
1613929276
1617617144
1617818384
1618033020
1618358192
1618582940
1618707268
1618846692
1619079980
1619240220
1619364876
1619588768
1619677164
1619779844
1619890172
1620011968
1620136352
1620242128
1620430884
1620577164
1620729436
1620910608
1621001408
1621053772
1621127384
1621172076
1621281828
1621931080
1622609012
1624180832
1624319024
1624957176
1625082676
1630149856
1630535388
1630888784
1632173764
1632352900
1632566168
1632700800
1632865420
1633172744
1633318636
1633518040
1633682464
1633784540
1633798752
1633985328
1634362484
1634695432
1634960120
1635090448
1635357488
1635469504
1635695984
1636161992
1636709188
1651965508
1652464796
1653813112
1654556940
1655045748
1660099480
1660200864
1662509236
1662532008
1664607196
1667179564
1667978840
1668795144
1668849684
1669037396
1669192792
1670028888
1670428568
1670897368
1671014372
1673569288
1673692728
1673702700
1673812600
1674005776
1674139844
1674498376
1689473936
1689485276
1689594720
1689692608
1689797768
1689915056
1690086440
1690164840
1690244388
1690374536
1690457428
1690539696
1690633544
1690892460
1691090076
1691223952
1691409284
1691853036
1691926120
1692071192
1692211448
1692996120
1693112864
1693524412
1694070224
1694621664
1695105060
1695276584
1695388688
1695506888
1695589068
1695753204
1696065840
1696194460
1696277040
1696399588
1696514208
1696625464
1697825208
1697866724
1697916544
1698612828
1705615296
1706237444
1706427652
1707165588
1707722608
1707901948
1708083164
1708336160
1708520904
1708942152
1710408708
1710570900
1710611428
1710968840
1711321476
1712424836
1712720248
1713320708
1713905040
1714599568
1714812068
1715742400
1715850524
1716042212
1716174456
1716264048
1716872196
1717320008
1717507736
1717665992
1717884060
1718016012
1718097376
1718391972
1718518576
1719426452
1719614304
1719725268
1719972812
1720189652
1720460708
1720556536
1720669700
1720804532
1721031684
1721055948
1721264948
1721509248
1742986384
1750372956
1752907744
1753200616
1753547572
1753686036
1754166436
1755514528
1755954488
1756637120
1756961652
1760554572
1761123940
1761341232
1762164808
1762713260
1763000904
1763210384
1763351348
1763747836
1763952464
1764137544
1764330632
1764875928
1765161260
1765340452
1766329360
1766498892
1774601144
1774709760
1774733920
1774884892
1776463344
1776710856
1776862104
1777721120
1784518688
1784577628
1784769784
1785789088
1786145292
1786580884
1786728036
1786821756
1787028008
1787259356
1787510968
1787676308
1787799540
1787940180
1788748600
1788798048
1788928836
1790007884
1790259924
1790640576
1790790336
1791463584
1792109780
1792329536
1792471528
1792569200
1795847180
1796317136
1800229464
1803262100
1803410244
1803463488
1803506556
1803563072
1803589128
1803654640
1803774120
1803832824
1803890200
1803957736
1804010696
1804110816
1804161792
1804228236
1804302000
1804394228
1804463420
1804515020
1804737792
1806840540
1807561544
1807839416
1807912656
1808060768
1808198972
1808289808
1808392648
1808469696
1808520356
1808692384
1808893968
1809123624
1809447640
1809876028
1811361488
1812010400
1812255372
1812341648
1812410144
1812458584
1812499856
1812568816
1812726052
1812830436
1824715320
1824840728
1825278836
1825350904
1825473104
1825884120
1826441740
1827193924
1827836268
1828371592
1828508144
1828627616
1828759696
1828865920
1828873500
1828908764
1829030156
1829878016
1829961028
1831808396
1832856276
1836589836
1836597020
1836966392
1837396716
1837719920
1838038900
1840643592
1849594336
1849958340
1850604228
1851260992
1851589588
1851821892
1851995796
1852352628
1852702540
1853431728
1854013528
1854343372
1854356416
1856175300
1857031512
1857589516
1863742368
1864698128
1865215620
1865927308
1865984612
1866039372
1867703484
1867960996
1868211036
1868359440
1869111304
1869520588
1869846864
1870343552
1870836060
1871277856
1871651368
1871988384
1872112280
1872482088
1872893316
1874065988
1874526044
1875569052
1876199416
1876927612
1877609796
1878270988
1878874544
1879592072
1881036820
1881454580
1882059412
1883751756
1884023344
1885640196
1886180200
1886383320
1890607872
1890668872
1890985388
1891239448
1891652092
1891895204
1893948264
1895476564
1895840864
1896038696
1896398032
1896710304
1896958564
1897128908
1897507084
1898667044
1899221028
1899573064
1899937392
1900240420
1900599652
1900664244
1901273004
1901458164
1903524160
1904107488
1904841952
1905156676
1905505412
1905979484
1906442764
1906915724
1907432656
1907870108
1908314904
1908805792
1909079792
1909499452
1909798232
1910019076
1910457980
1910975052
1911285452
1911725028
1912258992
1912781140
1913015552
1913796356
1914150508
1914583760
1914950476
1915235932
1915614152
1916176076
1916526376
1916836608
1917410520
1917859592
1918473788
1920899600
1921268668
1921678076
1922727336
1923472220
1923774656
1923998248
1924297616
1924577840
1924889268
1924997192
1925334312
1925585008
1925736004
1925981468
1926375580
1931707264
1932127984
1932430188
1932799572
1933183828
1933673484
1934171948
1934596676
1935009528
1935455252
1935995756
1936532728
1936862292
1937060916
1937208512
1937491260
1937691380
1938634108
1939162352
1939591924
1939753500
1940096260
1940275664
1940483112
1940662148
1940831644
1943268032
1944382084
1945048596
1945143304
1945502636
1946131764
1946683336
1947089336
1947401392
1947635964
1947874700
1948765176
1949670404
1950025944
1950319536
1950698964
1951097552
1955202212
1955996616
1956217344
1957343528
1958284152
1959631508
1960211880
1960460664
1960849832
1961589984
1964381552
1964805824
1965239340
1966642544
1967122832
1967347296
1967793916
1968040284
1968474248
1968650388
1969033640
1970278984
1970436096
1970753280
1971005912
1971431756
1972513908
1974616804
1975277564
1975526668
1975652272
1975753024
1975993416
1976103344
1976290512
1976482068
1976674244
1976719304
1976791920
1976851496
1977300208
1990614752
1990823668
1991649508
1991865816
1991973820
1992514544
1992673892
1992912964
1998482944
1998649428
2011764140
2234158268
2234473072
2234842448
2235258256
2235875212
2236410012
2236597064
2236682288
2237305460
2237948100
2238929024
2239187648
2239402552
2239486704
2239815776
2240212620
2240612004
2241074068
2241405772
2241807040
2242258496
2242471332
2243534620
2247557736
2248311080
2254271816
2256675156
2258139352
2259440452
2260604036
2261491696
2262757000
2263606444
2267595872
2271317956
2274832352
2278824268
2279019220
2279123644
2279840556
2279932304
2281018400
2284343672
2286147816
2293490828
2293624820
2295886680
2297661288
2297685092
2298913112
2299245764
2300003988
2301646604
2302063544
2303881716
2305448652
2308321680
2310812260
2311032908
2311164124
2314974484
2315291640
2315542160
2316899876
2317878680
2320965644
2321411892
2322083612
2322272352
2322685980
2322973608
2323625664
2324161600
2324796924
2325274416
2328339780
2329527664
2330767880
2335620028
2336746264
2337440816
2339664668
2339689072
2340929256
2342275392
2342345264
2342536116
2342581804
2344300804
2345759788
2349152388
2351999768
2352827124
2353430768
2354070288
2354638988
2355413044
2356066272
2356901024
2357500872
2358410936
2358883288
2359430888
2360060468
2360588268
2361105992
2363054984
2363677600
2364009844
2364666668
2365060276
2366504008
2367352908
2367552560
2367674228
2367820844
2368042240
2368240368
2369292952
2369621644
2370050188
2370541572
2370860544
2371425684
2371476028
2371954324
2373859804
2376815536
2377207800
2377714576
2380668740
2381368880
2386060372
2386982896
2387153740
2387809468
2388044700
2388798824
2389208220
2389926684
2391376508
2392130480
2392280288
2394944520
2395650860
2395902344
2396478548
2396961064
2398291808
2398724424
2399767096
2401117404
2402017744
2402479024
2402977596
2403411268
2403490572
2403980628
2404795524
2405284372
2405808188
2406115588
2406699588
2407299292
2407977280
2409002236
2409133972
2409489220
2410615912
2410935332
2411571836
2411741752
2411831532
2412038872
2412484656
2413410464
2413833516
2414075660
2414461612
2414789396
2415218660
2415483868
2415965492
2416641712
2417831500
2418074944
2418612688
2418754016
2419365448
2419724620
2420390288
2421030784
2421208568
2421616576
2422111740
2422635268
2423232132
2429090304
2442729784
2442956880
2443391452
2443974896
2444431792
2453556984
2455549416
2455654404
2455788524
2458656732
2460993520
2462274844
2462878988
2463169892
2463690848
2464305936
2464739436
2465215764
2465418652
2465553792
2465659012
2465692368
2465736960
2465824936
2465905772
2467135356
2467618192
2476456108
2477065784
2477525632
2477553776
2477608664
2477697616
2477865180
2478353136
2478870396
2479091348
2479707980
2480215716
2480659760
2481072164
2481517048
2485458376
2486657688
2487611912
2488089100
2488405180
2490823772
2491371296
2491879428
2492130604
2492749080
2494886132
2494954364
2495914116
2496551036
2498812092
2498927900
2499448960
2500738328
2501533552
2501844124
2502039924
2502112164
2502886076
2502934940
2502963912
2503931312
2504053904
2504094844
2514626180
2517566548
2518696036
2519735804
2519859956
2519991592
2520122248
2520251084
2520396808
2520523984
2520666872
2520731676
2521309572
2521507688
2521756884
2521927376
2522142756
2522355108
2522517684
2522841260
2523173500
2523349656
2523537604
2523648916
2524023008
2524355648
2524644272
2524881672
2524995740
2525149716
2525473064
2526021456
2526699496
2526804244
2528288244
2528492740
2528797060
2528945972
2529408476
2529884508
2530333388
2530773256
2531233280
2531614544
2531745708
2532020672
2532169484
2532318820
2532816904
2532965236
2533313388
2533947368
2541013180
2547288520
2547690024
2588615304
2589023792
2589158172
2589654752
2593545280
2599479532
2683770552
2684065904
2684396828
2685685140
2686050300
2700289056
2700972392
2701950264
2716539956
2733938200
2757622816
2758855028
2759101424
2760463532
2761113252
2769118308
2773138648
2774316828
2777075128
2784071288
2881696968
2913101416
2930441804
2931051060
2934989108
2936103984
2936464772
2936628248
2936894464
2936911040
2944131756
2944460136
2944654840
2944719728
2944965676
2945217536
2946479648
2946812032
2947157420
2947502956
2948004848
2948041760
2948240104
2948429760
2948691000
2948901776
2949042324
2949877164
2950282104
2950894292
2952024088
2953054480
2953394372
2953608748
2953854528
2954212992
2955978092
2956957124
2959619168
2960525756
2961027840
2961608120
2963365596
2963811472
2964171876
2974917560
2975559748
2975638424
2976069532
2976441504
2976514720
2976699132
2977032476
2977818944
2978142360
2978602100
2978761428
2978873032
2978961384
2978982536
2979056796
2979121192
2979384448
2979681092
2980071804
3020348088
3037535480
3057937620
3058686264
3059464292
3059535052
3062432380
3069468036
3118467292
3118708532
3118743936
3118846064
3118856204
3118906648
3119332980
3119602660
3119922984
3120153200
3142343516
3142377244
3151182916
3153725196
3155400576
3156326912
3157939936
3158318112
3158566576
3159335304
3177109860
3197043940
3197145224
3197235760
3197303332
3197423884
3197692516
3197700256
3197722080
3197741364
3197764296
3197775104
3197813624
3197893248
3198374036
3199020460
3199171288
3209471132
3209630344
3209857584
3209936796
3210777732
3211001352
3211076412
3211251656
3211461392
3211619324
3211801240
3212123908
3212153892
3212206180
3212358164
3212425416
3212606296
3212675112
3223601708
3223615388
3223657300
3224180364
3232477684
3232575408
3232731204
3232820936
3235721708
3242804800
3245516876
3245661416
3251606388
3254468224
3255283512
3256552464
3257853720
3258186540
3258431020
3258570576
3258858716
3259528336
3260532492
3283047820
3283287784
3283327260
3284047456
3284087600
3284196324
3296719436
3298682396
3298937400
3301485272
3301628100
3301690680
3301781896
3302388056
3303113212
3303150184
3303176848
3303212440
3303248608
3303870328
3303930912
3303981652
3304010236
3304056656
3304279580
3305713940
3305812776
3305841184
3305866860
3305913520
3308562012
3334594156
3336219756
3336356036
3340690048
3341056376
3345922880
3347244844
3348610724
3349854228
3349982872
3351182324
3352070228
3353284160
3353905148
3355133552
3356590880
3358066348
3358825056
3359949792
3361253096
3362691812
3365043176
3369490540
3371384304
3373276404
3374825580
3375609980
3377461144
3378914340
3380751988
3381561336
3382999744
3384327984
3388077300
3388624100
3389588804
3389936484
3391782708
3393021064
3394156944
3395909504
3396836212
3398112624
3399602928
3400869224
3401811036
3402433616
3403687540
3418989560
3419592720
3419730756
3419879028
3421207596
3421308116
3421352416
3421391868
3426505740
3433219812
3434161068
3452017280
3497499568
3505174700
3505231084
3508449432
3508683280
3509154868
3515104160
3516801396
3517400068
3518074296
3518710040
3519293284
3519863352
3520443772
3520986488
3523059872
3523637376
