0
1562592
2660424
3142908
3659504
4014772
18791864
71641264
73318668
74217060
84470156
86072012
87034280
88198376
90439148
147002832
147357992
148281348
150677076
213913312
237967728
283138900
290717768
291438664
292161888
292436560
307967336
309287220
309945880
311045688
311678648
312601440
334851980
370361132
390780736
416779536
487934160
488322872
488577160
489541732
491206020
491419980
491432848
491451956
491794944
491950440
493532440
494440488
497945060
498114652
498255936
498788280
500693548
501396872
502906344
503512452
503524364
503595676
504144804
504169896
504216268
506989324
510856820
512210468
512399812
512805324
519158920
519421920
521199952
522914496
523083796
525157544
525182876
525216700
525260636
525281944
525319592
525345392
525378372
525414048
525857840
525892280
525907088
529979724
530035860
530160684
530290836
662457432
662594524
662787320
663098648
664245504
664261972
664834984
664951244
666998864
667106240
667273652
667285156
667358888
667376692
668852884
669331868
670387908
670656368
670853408
670876264
670971636
671479488
671590604
671634524
672843340
672988372
673344396
673472932
673946692
674009560
674043768
674494108
674502884
674582140
674887292
675333136
675635368
675788796
675892292
676797132
676905184
676925524
678509296
678603944
678638820
680211060
707839028
707849748
708155592
708560780
708657812
708820684
709231384
709358096
709684996
709970364
710862248
710913296
710979076
711035444
711119732
711302852
716401056
716618764
717767396
719757132
719796808
720025536
720851964
720873404
720985620
721035124
721910264
721982504
722342704
722856888
723841356
725315804
725697608
726644048
726923996
729137712
729234476
729241460
729260308
729282760
734234164
736295364
738875316
738951212
739530208
743783576
743838704
743860192
743871384
743918376
743946236
744236604
744251384
744753384
745414536
745446808
745659968
746643848
746662704
746667808
747980500
747986124
748156896
748688792
749488676
749974464
750673180
751901240
752218264
752460436
753213708
753620716
755508340
755691016
755753180
755766368
755783740
755792044
755797044
755814664
755874576
755901356
755917304
755925476
755994560
755996272
756001820
756011240
756019600
757676560
758051276
758091180
758225176
758240632
758509376
758563520
758632916
758643108
758948112
759550488
759666960
759936660
759960484
760032804
760060772
760090040
760141588
760173564
760180952
760211108
760235264
760297520
760310060
760324388
760336072
760347004
760428988
760570576
760890536
761847932
762283908
762776900
763377120
763993108
765078756
765668604
767588680
768134816
768492536
768669936
768746364
768804500
768874844
768921976
768969272
769072148
769202412
769234752
770123452
770212368
770325948
770443096
770492972
777149556
780785008
781933952
787754856
789135072
792927912
794725240
798085956
823578528
830172796
830448192
832292376
833241932
833824636
833867920
834023504
834107000
834369932
844239192
846257156
846336492
847242976
847580444
847981536
848163528
848954400
849043696
849130552
849225640
849501484
849764376
849957968
850128780
850180816
850223556
852223368
852327896
852488264
852641932
852658796
853426144
855858408
855936660
856585448
