0
1377648
2750904
2771936
31236520
31328084
32625096
34196212
48135916
369699204
952479380
991394008
992263880
996742840
996807976
996954740
997091980
997332640
997365072
997545252
998146016
998150892
998769484
998883772
998908600
998974764
999000908
999154600
999453876
999543860
999572040
999750976
999786976
999891028
1000866880
1000950944
1000981412
1001292136
1001612136
1001924640
1002304880
1003259804
1003336068
1003428092
1004810668
1007005232
1007417184
1007672556
1007741424
1007987920
1009102892
1009169692
1009692820
1009729912
1009904148
1010162144
1010270720
1010466460
1010596696
1011092088
1011123976
1011745604
1012101856
1012147884
1012221588
1012829988
1013260428
1013755984
1014278908
1014608240
1014765408
1014829260
1015597080
1016361324
1016415848
1017084356
1017320512
1017482176
1017782916
1017826640
1017847700
1017930780
1017960584
1017981668
1018003896
1018335376
1018390296
1018466484
1018523332
1019233664
1019297192
1020054776
1020733352
1021544836
1021732212
1022158456
1022244772
1022517360
1022528596
1022601748
1022630460
1022670412
1022743856
1022785284
1022800360
1022927868
1023057524
1023384976
1023891112
1023909656
1023942708
1023955960
1024059544
1024099216
1024224544
1024339248
1024355980
1024383948
1024514432
1024578072
1024818616
1024837296
1025205928
1025346988
1025407156
1025429440
1025536376
1025783220
1025879088
1026101508
1026114472
1026172252
1026320068
1026406136
1026542308
1026686248
1026938432
1027051428
1027671420
1027916840
1028215376
1028251808
1028263676
1028279396
1028312860
1028315844
1028365124
1047592276
1047970964
1048139944
1048681476
1048738120
1049685704
1050340560
1050391728
1050447248
1050678716
1050791132
1063547920
1063706692
1065655804
1065759732
1065821836
1065943324
1066041428
1066114844
1066281892
1066337400
1066671740
1066926636
1066969464
1067570584
1068618564
1069223704
1070018056
1070182168
1070219472
1070695828
1070763904
1070865968
1070926244
1071036500
1071305552
1071642928
1072156316
1072736116
1072788544
1073477012
1073562484
1073598544
1073730424
1073855612
1075258928
1075525224
1075555676
1075650152
1075695612
1075971692
1075990348
1076029312
1077056636
1077114232
1077163216
1077227428
1077248876
1077271984
1077318556
1077385392
1077439428
1078057392
1078812696
1078989804
1079228144
1090585216
1090689120
1090740612
1091178372
1091225244
1091533368
1091645200
1091666840
1091725056
1091819428
1093878840
1093994416
1094058400
1095065728
1095119612
1095965260
1097117092
1099372268
1099856312
1104062640
1104652072
1104899248
1105037648
1105550840
1105573912
1105639468
1106380356
1106489176
1106563568
1106611568
1106814736
1106931676
1107038576
1107476816
1108836804
1112703060
1112987836
1113217796
1113259992
1113397556
1113466544
1113485676
1113555656
1114454184
1114477812
1114562792
1114669660
1114777000
1114987928
1115033652
1115169720
1115417928
1119435868
1120502612
1122237072
1125891808
1126953812
1127161944
1127389004
1164764396
1183531252
1191727256
1214407104
1219164408
1235428104
1245520840
1255371300
1255452884
1255564588
1255836876
1255994292
1256313608
1256366304
1256823444
1256837112
1256923856
1256938556
1256996876
1257003688
1257027164
1257052636
1257104056
1257338480
1257341220
1257344376
1257364968
1257432516
1257782504
1257859004
1257971648
1258216864
1258364656
1258366436
1258426364
1258428524
1258488924
1258588968
1258644456
1258930636
1259023324
1259066152
1259136220
1261446716
1261505248
1261898672
1262910636
1263475524
1263512128
1263532560
1265408744
1265954528
1268510248
1268944856
1269090336
1269225008
1278545872
1278791128
1279154484
1279641884
1279846108
1280946760
1281089916
1283773820
1283905944
1283964092
1284838664
1284868632
1284946560
1285531536
1285586428
1287447468
1295939628
1296014232
1296502980
1296739456
1298845276
1298968660
1298994548
1299314804
1299329068
1299459120
1299495752
1307635120
1307641712
1307771876
1308033964
1320940948
1332566336
1370497576
1373729624
1384615356
1389372660
1400971776
1401816596
1401938436
1402753024
1402815780
1410302152
1410745188
1411421676
1420478144
1420623732
1420643376
1420684540
1420871708
1420972856
1421016156
1421030864
1421080900
1421164220
1421528520
1421582688
1421677760
1421714596
1421798200
1422074908
1422618560
1423494396
1424213872
1424478212
1424526968
1424668972
1424703992
1424768620
1426206008
1426737844
1427275776
1427951084
1428487244
1428523000
1428613940
1428923472
1429040904
1429082860
1429222432
1429303144
1429346728
1429549304
1430605744
1430679772
1431057320
1431171252
1431196732
1431291352
1431338736
1431860428
1431910384
1432065968
1432116036
1432282424
1432307672
1432455904
1432538176
1432564340
1432596728
1432737912
1432843500
1432879968
1432925280
1433234308
1433748912
1433813276
1434014884
1434250384
1434428400
1434523568
1434623372
1434739552
1435249684
1435468884
1435641584
1435787016
1436119632
1436156500
1436183888
1436268120
1436571136
1436606156
1437079384
1438076332
1438227460
1438380868
1438483072
1438523460
1438633712
1438865964
1438949524
1438995400
1439286216
1440686232
1440858596
1441101936
1441252192
1441334416
1443107144
1443946272
1444179756
1449744316
1449880540
1449927260
1449996740
1450090100
1450158028
1450220320
1450300032
1450364224
1450408572
1450469812
1450628972
1450664964
1450736272
1451027960
1451174056
1451262256
1451668820
1451705660
1451872940
1452147900
1452208056
1452439976
1452558048
1453641136
1453794264
1453903180
1454124528
1454139312
1454171884
1454400988
1454444176
1454648820
1454777576
1455054696
1455134164
1455186392
1455302352
1455445184
1455586800
1464310372
1471219056
1479270208
1480238120
1489759612
1490224340
1490515020
1491113772
1491149172
1491657396
1491838016
1491869244
1496966688
1501337648
1502275424
1502480568
1502672872
1503813884
1504769516
1505352944
1505405024
1506041844
1506116772
1506658052
1506775512
1507428492
1507553924
1507753680
1507875108
1509526488
1515497884
1516297852
1516545548
1516584460
1516740160
1516786404
1517024704
1517131272
1517200552
1535629612
1535973968
1536202172
1536262304
1536625376
1536672964
1536782288
1537038040
1537176296
1537401880
1537533688
1537676468
1539545292
1539562912
1539715564
1539864256
1540117300
1540350184
1540587504
1540850900
1541328696
1541865448
1542106868
1542473884
1542566920
1542996508
1543072808
1543695408
1543755440
1544181636
1544239980
1544304724
1544610392
1544730836
1544985508
1545078568
1545622200
1570763432
1570824064
1570901144
1570947328
1572438476
1572538692
1573306344
1573450692
1573491592
1573677160
1573787628
1573927136
1576838144
1577472528
1577531216
1577819952
1578158260
1578201428
1579447620
1581132596
1581474200
1581820896
1582611216
1582685348
1582797724
1584351424
1585225500
1585306916
1585361508
1585642128
1586247700
1586291932
1587432200
1587569768
1587680328
1587726836
1588902580
1589011640
1589017824
1589055248
1589258840
1589360172
1589440428
1589525944
1590127920
1590186072
1590219804
1590272452
1590314584
1590370640
1592723668
1592823628
1593581312
1593937116
1594652336
1597236868
1597256052
1597316372
1597432964
1597719924
1597833028
1597916676
1598063908
1598311404
1598451316
1598629592
1598800800
1599484500
1599700704
1599985144
1601975808
1602501072
1603382772
1603720544
1603991052
1604277368
1604542656
1604700804
1606936360
1607038376
1607134776
1607472716
1608127368
1608337672
1608739960
1609005928
1609461364
1609870472
1609912496
1610071460
1610364120
1610571940
1611548656
1611819464
1612128868
1612460440
1612897444
1613133200
1613666816
1614804116
1614942988
1615072360
1615351800
1615382372
1754800240
1755615136
1768955744
1778237064
1791751112
1792303924
1792891012
1793141544
1793651604
1793670016
1795060704
1808593904
1808668456
1808881104
1810124372
1816969880
1848218232
1883444132
1891091680
1892825960
1900863888
1910034756
1910080936
1910153000
1910207548
1910449000
1910809712
1912191572
1912404260
1912432320
1912450060
1912648820
1914946540
1917132076
1917147680
1917179228
1917401772
1928431080
1928608568
1928727112
1928842964
1929227704
1929247848
1929329296
1929375824
1932393180
1932427704
1932736224
1932759952
1932958616
1938105180
1938167392
1938440476
1938476820
1938796100
1939165748
1939892164
1940420132
1940493016
1941159152
1941705620
1941906432
1943868632
1944024412
1944882068
1944928564
1945035552
1945126760
1945834768
1946545404
1947011480
1947025820
1947089552
1947107640
1951384212
1951478132
1951534676
1952037572
1952133468
1952162100
1952209476
1960703396
1990501432
1990869616
1990910196
1990989576
1991033168
1991656660
1991670488
2002035328
2002087968
2002110868
2002145736
2006199772
2010154792
2010247720
2010660328
2011276464
2016884032
2016905572
2022275900
2022301956
2022368608
2023569820
2027088016
2030207160
2061459856
2072370180
2078308484
2080894408
2082482108
2093174104
2095395160
2095451724
2095566172
2095627704
2095855880
2096266536
2096476968
2096503988
2096546140
2096575084
2096585144
2096599132
2096753716
2097447636
2097454164
2097484632
2097500212
2097523996
2097534744
2097577036
2097588992
2097595880
2097604556
2097610720
2097617312
2097624004
2097642544
2100994972
2101060328
2104958296
2105116364
2107191972
2107367860
2107523096
2108681256
2110861436
2110919496
2111331144
2111457828
2113258368
2114230036
2114255360
2114445704
2114656064
2114766768
2114835360
2115004024
2127596300
2141228156
2141289052
2141455184
2141919908
2143476812
2143529328
2143721244
2143846092
2143903576
2144076860
2144120656
2144537676
2144981456
2146817140
2161048124
2179845104
2179914936
2179984768
2180092096
2180135864
2180307600
2180325452
2180726492
2180776656
2181762552
2181810540
2183539360
2184058208
2209449280
2209851180
2209897272
2212950608
2213876556
2213922424
2216107104
2216230788
2216342176
2216550344
2216633332
2216814524
2216823984
2216855788
2216882356
2216976124
2217073548
2217145492
2217172744
2217320956
2217342116
2217379100
2217400032
2217451156
2217497260
2217559900
2217580940
2217646136
2217892628
2217926564
2217939588
2217974624
2218076348
2218477852
2218552056
2218628940
2218657656
2218785976
2218836132
2219049820
2219087504
2219159100
2219224588
2219256736
2219315916
2219343484
2219393328
2219409624
2220088368
2220161876
2222016692
2222051396
2222131212
2222181224
2222189456
2222240440
2222467716
2222521328
2222540188
2222635336
2222762592
2222834396
2222864928
2222921096
2222988124
2223010588
2223163772
2223213620
2223236396
2223276824
2223286300
2223319148
2223420464
2223431624
2223474004
2223523808
2223625048
2223681000
2223698952
2223711412
2223809124
2223912264
2224101876
2224305812
2224353780
2224420600
2224565316
2224582404
2224620760
2224797584
2224831972
2224860512
2224960476
2225017348
2225032356
2225056224
2225091184
2225126012
2225141900
2225155964
2225182280
2225213508
2226596724
2226655412
2227030636
2227248600
2227270568
2227289064
2227317920
2227342268
2227390420
2227448808
2227508396
2227661372
2227725680
2227771652
2227825460
2237356876
2237449372
2237560332
2237601144
2238363368
2238926748
2239134648
2239164624
2239173416
2239406848
2239663580
2240147948
2240324336
2240698292
2242946344
2243513080
2244261120
2244297820
2244554136
2244609744
2245526016
2246664708
2246774680
2247296160
2247372740
2247433028
2247485196
2247590912
2247621676
2247627972
2247674080
2247718220
2247757556
2247797548
2250908776
2251426344
2252429248
2254663916
2255392404
2255538876
2255560192
2255891828
2256038464
2256123896
2256290364
2256381992
2256500312
2256703388
2256740480
2256782108
2256906388
2256986396
2257081816
2257182852
2262048096
2262207332
2262247480
2262261160
2262301012
2262330760
2262396344
2262927120
2262979628
2263014928
2265116784
2265191916
2265318380
2265326192
2265362080
2265385524
2265412552
2265436176
2268917448
2269097212
2269146144
2272818148
2273215828
2273259828
2275651188
2275678308
2275715196
2275722260
2275728580
2275796712
2275867888
2275899940
2277116380
2277887152
2280482232
2281454176
2281523816
2281559520
2282024424
2282110080
2282426208
2282759488
2283106308
2283220184
2283970864
2284217436
2284934536
2285237840
2285430760
2286513908
2286561148
2286598080
2286642872
2286668692
2286711232
2286745532
2287146440
2288494192
2288824640
2288888832
2288921264
2289193192
2290171792
2290220460
2290264420
2290283020
2290768380
2290816620
2290969172
2292416524
2292547332
2292615076
2292644628
2293109116
2293241224
2294410428
2294533940
2294544088
2294924608
2294960348
2295104892
2296255076
2297433332
2299934800
2300573576
2300654704
2300709680
2300787756
2300874172
2300964828
2301037452
2301057888
2326209384
2351327452
2351343876
2351406628
2351511456
2351549120
2351716352
2351815568
2351861904
2351932644
2352045868
2352092948
2352119268
2352198588
2352223316
2352289256
2352312180
2352550960
2353824884
2353883932
2353965208
2354627160
2354708828
2354716992
2354729020
2354735484
2354852392
2354915868
2354953564
2354972824
2354998716
2355017440
2355251148
2355296972
2355331712
2355364492
2355372596
2355975896
2356116004
2356224192
2356570688
2358306316
2358413356
2358520356
2358613480
2359299180
2359335336
2359572916
2359613816
2359699700
2359753072
2360504884
2360526192
2360804348
2360879224
2360940020
2360997708
2361017856
2361173036
2361214960
2361252400
2361282516
2361346620
2361387488
2361486724
2361498396
2361555356
2361791452
2361836268
2361860964
2362009164
2362097028
2473031768
2473073340
2473117948
2473175316
2473220684
2473278292
2473330900
2473456680
2473918536
2474005408
2474013016
2474064788
2474083748
2474114620
2474148028
2474225444
2474236596
2474251388
2474289672
2474342124
2474417616
2474534472
2474567568
2474597344
2474645612
2474698860
2478444756
2478492728
2478653420
2478684208
2478706044
2478778024
2478803564
2479017868
2479042940
2479143668
2479210112
2479379320
2479448740
2479539428
2479678764
2480020156
2481040664
2481074112
2481196068
2481262616
2481306936
2481347852
2481355856
2481386888
2481408400
2481466928
2481507596
2481566240
2481605144
2482050628
2482103880
2482134752
2482167112
2484052284
2484100700
2484157476
2484399536
2485401192
2485595468
2485650188
2485755020
2487602884
2487649520
2487805620
2487866200
2487904184
2489070088
2489829496
2489864276
2490307812
2495245152
2495620992
2495850420
2495894908
2496318344
2496820472
2497319812
2499304540
2504601308
2508740380
2508798692
2508810836
2508904836
2508925648
2511260200
2511296692
2511345924
2511362128
2511535400
2511568564
2511601228
2517254584
2517560792
2518694972
2518788368
2519341708
2519482336
2519542628
2519612972
2519675600
2519698848
2519732940
2520178732
2520658076
2520770084
2521309104
2522033012
2522135896
2522234592
2522303960
2522437932
2522776708
2522808244
2522897964
2522988700
2523006408
2523106588
2523130884
2523176952
2523191704
2523301524
2523312492
2523378260
2523404584
2523449272
2523526872
2523540040
2523577068
2523806080
2523821312
2524096560
2524110540
2524119428
2524133468
2524170120
2524184156
2524194332
2524215680
2525493740
2525585920
2525656172
2525667192
2525697492
2525707556
2525745156
2526749136
2526782896
2526807292
2526858648
2526890988
2526903176
2526999152
2527015708
2527027128
2527053020
2527087980
2527097860
2527134248
2527186408
2527221936
2527293076
2527308328
2527339676
2527383632
2527421976
2528592756
2528612340
2528625204
2528644512
2528812948
2528828096
2528838672
2528875332
2528958228
2528995424
2529011000
2529020692
2529033680
2529071340
2529104320
2529145812
2529166756
2529191040
2529217560
2529246684
2532925920
2534245644
2535747892
2536951160
2536963728
2538806160
2538885016
2539004040
2539048084
2539082156
2539112452
2539130760
2539142680
2539552372
2539614080
2539649996
2539681500
2540024560
2540050124
2540062820
2540077440
2540095944
2540106276
2540113052
2540138428
2540717800
2540849084
2540886056
2540935536
2541502380
2541622352
2541661836
2541827836
2541881200
2542258752
2542407100
2542717724
2546907492
2546959620
2547027024
2547279124
2548021576
2548194472
2555908428
2556022336
2556063936
2556566696
2556648032
2556692984
2556884044
2557038556
2557116024
2557352832
2559256416
2559271944
2559334904
2559639280
2559887208
2560144884
2560205724
2560512280
2560719536
2561227140
2561772348
2561936356
2562638396
2562723552
2562986176
2563197040
2563400240
2565081540
2565184944
2565278800
2565324128
2565409528
2565576324
2565674644
2565708184
2565831612
2565909080
2565995364
2566145180
2566162940
2566236192
2566271884
2566590792
2566616340
2566632452
2566658704
2566675228
2566857884
2567337508
2567360332
2567875692
2568536920
2569005464
2569023352
2569047160
2569568968
2569634932
2570034568
2570610460
2570666880
2570711820
2570714568
2571329264
2571535300
2571836012
2571982088
2572046620
2572123440
2572858124
2572865912
2572942804
2573064144
2573135168
2573236072
2573304764
2573405524
2573614172
2573655060
2578939412
2578941340
2579367148
2579594520
2580271540
2580571788
2580710836
2580794968
2580859416
2580895164
2581627116
2581746968
2581787512
2582386884
2582556864
2584160208
2584189376
2584225848
2584353096
2584501864
2584535828
2584579336
2584654456
2584689376
2584737568
2584850716
2585281180
2585362772
2585407708
2585436184
2585698364
2585742692
2585827384
2586207260
2586239072
2586285260
2586292080
2586298072
2586304988
2586325192
2586334648
2586340624
2586349876
2586366064
2586374164
2586400204
2586414832
2586424744
2586433504
2586441176
2586553512
2586922412
2586937008
2586951276
2587003612
2644693124
2644797840
2644884552
2644902056
2645376876
2646317788
2646656264
2646676452
2646817372
2647042652
2648095988
2648126532
2648400584
2648578260
2649179404
2649687236
2650032500
2650238028
2650367520
2650458808
2651065116
2651104056
2652468644
2652511676
2652526292
2652899092
2652914112
2652975236
2653018352
2673379516
2673400852
2673433116
2673472764
2673488804
2673527568
2673612812
2674509292
2674910224
2674921020
2674974264
2675040372
2675431012
2675748120
2677268044
2677859936
2677874632
2679917768
2680664852
2685231216
2685364116
2685417736
2685454992
2685570044
2685741656
2685807376
2685919952
2686012076
2686568436
2686692264
2686787420
2686856656
2686899444
2686911304
2686949896
2686958796
2686987976
2687016248
2687039384
2687057512
2687075476
2687085704
2687114236
2687127456
2687138340
2687194164
2687214128
2687223828
2687239700
2688070256
2688541972
2689144728
2689915860
2693212748
2693724544
2693956668
2694472988
2694516580
2696261472
2696287940
2696312084
2696770500
2697058880
2697341428
2697531688
2697684004
2697979448
2698126476
2698159148
2698193084
2698223020
2698902872
2699198520
2699301532
2699351036
2699392704
2699487484
2699507288
2699608740
2699634984
2699651340
2699660300
2699672736
2699682512
2699837652
2700120600
2700295824
2700335844
2700621928
2700988540
2701167572
2701211108
2701512252
2707088404
2707245952
2707340400
2707402896
2707502728
2707540576
2707987828
2708067988
2708200324
2708317052
2708440236
2708486088
2708492256
2708780708
2709053564
2709209420
2709298488
2710053632
2710148048
2710432380
2710528300
2710600832
2710847652
2710858588
2710888468
2710908944
2711172244
2711282000
2711352700
2711400344
2711415380
2711443144
2711514976
2711554388
2711846640
2711900344
2711956732
2711971888
2712002600
2712044032
2712837628
2712889668
2712920392
2712949976
2713288056
2713336052
2713799248
2713896016
2713949052
2714374268
2714408732
2715305688
2715348148
2715383236
2715416364
2715542628
2716107232
2716447324
2716633884
2716983164
2717167996
2717377856
2717514936
2718224672
2718286380
2718302388
2718353020
2718393416
2718453888
2718473468
2718501332
2718530288
2718558964
2718568244
2718593448
2718704580
2718716620
2718726468
2718903504
2718961280
2718977704
2718993332
2719005700
2719033932
2719059100
2719078996
2719149752
2720738400
2720848876
2720919732
2721182820
2721208928
2721285488
2721610752
2722857608
2722895716
2722904908
2722943780
2722967436
2722982932
2723015636
2723044816
2723089064
2723118292
2723128816
2723146540
2723154460
2723162908
2723175256
2723182768
2723200656
2723439904
2726888900
2726922452
2726993440
2727022792
2727062172
2727105700
2727172664
2727685496
2727802616
2727830816
2727851352
2727860460
2727893216
2728145648
2730413844
2730444888
2730454020
2730474988
2730556668
2730577188
2735063356
2735081156
2735104828
2735129872
2735159980
2735202728
2735257552
2735319272
2735394804
2735414264
2735445264
2735481024
2735523016
2735557496
2735572188
2735660352
2735699724
2735933700
2735946876
2736051336
2736123364
2736133080
2736176120
2736203804
2736341484
2736416200
2736442164
2736504320
2736525748
2736921796
2738995532
2739927596
2740345684
2740479428
2740678612
2741996800
2742531320
2746103924
2746511092
2746562068
2750606872
2752910056
2754240740
2754432752
2754453676
2755172248
2755185028
2756538748
2757572476
2757581564
2757662172
2757722496
2759631520
2760005504
2760208040
2760225484
2760277948
2760581032
2760734984
2760779356
2761041032
2765824248
2765988568
2766122372
2766401532
2766433656
2766509544
2767031636
2767110980
2767852388
2768363072
2768436148
2768906544
2768988724
2769035204
2769070528
2786137704
2786517012
2786556080
2786881552
2786927008
2787121612
2787319036
2787389304
2787519828
2787745952
2787814184
2787944624
2788242444
2788428432
2788449696
2788505960
2788545868
2788586132
2788923704
2790135936
2790824712
2791207960
2791246384
2791289332
2791305668
2791330572
2791371356
2791401364
2791459520
2791539712
2791569148
2791607372
2792056824
2792248656
2797208980
2798245464
2803307080
2803366388
2803418484
2803440428
2803499072
2803987584
2804031076
2804220992
2804277516
2804388568
2804467932
2804593688
2804717772
2804845376
2804970996
2805001300
2806552052
2808505192
2808934044
2809361028
2809576956
2809789972
2810328384
2810899156
2811465128
2811649960
2811811044
2812419420
2812688940
2812734396
2812739560
2812996556
2814150332
2814303360
2814424320
2814545588
2814723788
2815705700
2817153300
2817180804
2817219416
2817671448
2817713368
2818007984
2818326484
2818641480
2818970704
2821621136
2822182012
2825030472
2825703324
2827576264
2827948032
2828383892
2828478320
2828513760
2828596060
2828686376
2828785024
2829847236
2829989808
2830132912
2830792604
2831228868
2831389848
2831588876
2831671528
2831766568
2831887168
2833551424
2834031412
2834234260
2834292096
2834398456
2834599268
2834640092
2834972152
2835271980
2835432472
2835626336
2835751024
2835936952
2836086312
2836200708
2837327428
2837396876
2838125188
2843561024
2843943884
2845198968
2859031692
2870726320
2879891948
2880137800
2880219456
2880344596
2880432404
2883110092
2883132088
2883431584
2883460860
2883883072
2884039872
2884292460
2884687064
2885086972
2885294184
2885563080
2886474696
2886557188
2887034936
2891460064
2899960952
2899970284
2900255236
2901081116
2901381580
2901690776
2901843660
2901879480
2901992576
2902159408
2902333128
2902494664
2902911644
2902981568
2902993884
2903109028
2906082260
2906339804
2906363648
2906975876
2907045788
2910875432
2910894900
2911001476
2911087944
2911275084
2911402888
2911452872
2911611488
2911838976
2911934120
2912532152
2912713612
2913092540
2913371512
2913619356
2913684180
2914058156
2914151284
2914281212
2914561612
2915049252
2915826020
2925065280
2933203980
2933228512
2933323048
2933367664
2933538336
2933585552
2933673620
2933791624
2933850332
2934047052
2934053664
2934155428
2937551280
2937593100
3003347200
3003458464
3003558896
3003653876
3003730572
3004009340
3004123712
3004202384
3005394100
3006190752
3006410880
3007083384
3007222676
3007813620
3007824340
3008266720
3008378416
3008838692
3010264652
3010402592
3010526892
3010541456
3010633780
3010774952
3011520988
3011845908
3011886372
3012323008
3012348408
3012480532
3012603928
3012777248
3013045684
3013139320
3013469700
3013802016
3014519196
3014542724
3014587864
3015246208
3015898360
3015916188
3016058732
3016085108
3016192276
3016257636
3020710196
3020798144
3021767424
3021859268
3022023164
3022046488
3022232920
3022243148
3022344136
3022854572
3024528552
3024537436
3024560272
3024588896
3024623064
3024656700
3024717164
3024963720
3025357272
3025746760
3025944296
3026170680
3026442732
3026696996
3026870840
3027208924
3027233508
3028413184
3028450480
3028665060
3028732092
3028817584
3028865364
3028912848
3028988268
3029056456
3029123512
3029134128
3029432828
3029509140
3029588244
3029664700
3029769072
3029792332
3029847108
3029908856
3030650304
3030752700
3030835376
3030945048
3042156232
3042169580
3042647680
3042698240
3043080336
3043274648
3055422088
3055827368
3056059220
3056482076
3060466860
3079184464
3079825204
3080065048
3081788036
3082009116
3082351252
3082763220
3082881164
3083488704
3083821856
3084104492
3084532260
3084818420
3085190524
3085545544
3085705012
3085980012
3086475684
3086572712
3087367772
3087709636
3088350484
3088672288
3088922516
3089333744
3089479880
3089547416
3089928600
3089950992
3090605456
3091056848
3091414328
3091959080
3092389836
3092914316
3093545528
3093589056
3093707460
3093762596
3094564952
3094645988
3094767848
3094872124
3094980192
3095202832
3095269988
3107011180
3107271000
3107409656
3111391272
3119337376
3122076932
3122114356
3122150492
3122192972
3122229216
3122238744
3122310480
3122403496
3122446544
3122501492
3122535340
3122555036
3122590684
3122641924
3122695112
3123022420
3123074192
3123102012
3123251508
3123262616
3123311796
3123363300
3123454696
3123467432
3123639648
3123672692
3124062408
3126811948
3126842524
3126891360
3126903440
3126982340
3127140048
3127167600
3127203452
3127260136
3127432264
3127496200
3128141628
3128184824
3128413060
3128479244
3128574600
3128623796
3128654216
3128676792
3128713404
3128736612
3128746468
3128755076
3128769536
3128795680
3128805324
3128885716
3128893148
3128905348
3128928032
3128985832
3128998068
3129007796
3129038948
3131561628
3136344984
3138900244
3139939596
3141641952
3143514476
3144976660
3145472092
3151786304
3154114852
3157107684
3157429088
3161614760
3161664892
3161856520
3161870040
3163787644
3163896696
3164047984
3164907700
3165056500
3165067800
3165173012
3165200224
3165213480
3165235004
3165773708
3165780244
3165799188
3165916740
3165923188
3165933364
3165947908
3165959044
3165968008
3165979600
3165994724
3166008328
3166015836
3166023124
3166048568
3166118764
3166174276
3166222840
3166272964
3166326496
3166335208
3166342864
3166349364
3166357464
3166365292
3166375520
3166383404
3166422916
3166429400
3166440288
3166446636
3166453568
3166459660
3166472408
3167945772
3168928908
3171714804
3172253872
3174015860
3211192804
3217263216
3219167068
3219560948
3219622932
3219635808
3219642836
3219655592
3219668728
3219696076
3219706308
3219891504
3219905364
3219916416
3219923424
3219930784
3219938168
3219945960
3219956620
3219967636
3219976204
3219988584
3219999048
3229040800
3229050680
3229060004
3229069760
3229076528
3229084952
3229091092
3229097832
3230747520
3232750764
3233253740
3233813460
3234647472
3234981844
3235009532
3235163488
3235525412
3235657224
3235810672
3235983116
3236847304
3237289456
3237960880
3240471632
3242629288
3242902312
3243402992
3243624136
3243876736
3244216300
3245393880
3245826716
3246070476
3246316884
3246401100
3246428948
3246448272
3246459320
3246465776
3246530348
3246573324
3246621912
3246657436
3246749144
3247105872
3247153888
3247167004
3247185092
3247430084
3247486428
3247635768
3247831156
3247964844
3248132144
3248236324
3248321496
3248441368
3248581328
3249049936
3249242308
3251712300
3251946928
3252070452
3255819300
3255969688
3256150088
3256213036
3256365940
3256612872
3256752720
3256887384
3256911324
3257060136
3257096048
3257159004
3257252512
3257349984
3257443672
3257659192
3257759272
3257889008
3257983080
3258040992
3258086692
3258153616
3258341328
3258398228
3258507256
3258567960
3258622844
3258717724
3258727904
3258822660
3258916404
3258927528
3258971752
3259033860
3259091952
3259161368
3259177736
3259250808
3259362220
3259534724
3259549116
3259649316
3259758132
3260631076
3260720000
3260777396
3260912400
3261010944
3261111196
3261212364
3261551004
3261661760
3261761396
3261866108
3261964732
3262101252
3262199272
3262213732
3262317184
3262429640
3262525936
3262630460
3262730996
3262832424
3262936188
3263035620
3263136844
3263242020
3263344256
3263447680
3263549784
3263652628
3263755388
3264252948
3264486208
3264749920
3265207852
3265453604
3265687480
3265908644
3266128928
3266320012
3266520816
3266726116
3266769880
3266782220
3266798784
3266811764
3266833172
3266849368
3266872644
3266906692
3268252412
3268777544
3269122852
3275826672
3277499400
3282025276
3282061144
3282103520
3282646944
3282689800
3283012064
3283274448
3284776064
3284866472
3285539340
3285594816
3285786652
3286025620
3286109596
3286503800
3286984400
3288305780
3288370820
3288436224
3288496000
3288579416
3288635044
3288710920
3288774732
3288839356
3288905320
3288970692
3288994928
3289166788
3289233408
3289264488
3289373980
3289407900
3307036248
3350921508
3354922216
3357010172
3357021232
3357041424
3357087088
3357133948
3357142376
3357150848
3360522524
3360952148
3362460644
3364461232
3367032368
3368529344
3370603228
3372698716
3373024012
3373304624
3373491900
3375785616
3381420008
3381445836
3382400604
3388987004
3390192568
3392216728
3399547272
3399673792
3401974536
3402101388
3403248548
3403421104
3403670684
3404155448
3404375332
3404469276
3404924176
3405112204
3405256744
3405390984
3405504576
3405618148
3405769968
3405935288
3406124416
3416075324
3423264660
3423820688
3423959352
3424485160
3425015448
3425879520
3426622172
3427100576
3427623716
3428114200
3428318012
3428515148
3428708912
3429008220
3429384132
3429703596
3430028224
3430385644
3430587024
3430776296
3430793636
3430835924
3430869316
3431527748
3431751664
3431794920
3432379492
3436334460
3439346316
3441311672
3444312428
3446690440
3457958080
3463693912
3463862672
3463991860
3464499624
3465098088
3465338892
3465566380
3465703252
3466069664
3466335752
3466568996
3486036976
3486195920
3487312244
3487699736
3488264864
3501201328
3861786856
3867208808
3870628140
