0
5120076
7635248
34063604
147533772
156421264
180911496
202720236
206170580
208080524
208889356
209454028
210224388
211162436
225003476
225662208
227246828
228195028
229167236
232953492
235565648
237015776
317169368
352084820
355311520
362788776
364235360
365462376
367255324
368081164
372038656
373498688
378570512
389968560
392649768
404710704
410930716
413900136
448206916
450003920
456085036
463394260
463892292
465310960
465486656
468195768
473596004
479088824
479459776
487877560
507743596
512836724
513607596
525576364
536425804
553152944
571671300
574778680
576116932
577683656
577877632
578421192
578860152
579156108
579888596
580246048
580541072
581143192
581799920
582079604
582295508
582570896
583182208
583361276
583434088
583566844
583679880
584442956
585202404
585505536
585826360
586132388
586275980
586618128
586925360
587345608
587484352
587595300
587790880
587903912
588072916
588356620
588532936
588905268
589156796
589302716
589467660
590551132
590734224
590936816
591196316
591278124
591489604
592176964
592397196
592806312
593208920
593470184
593783388
594350664
596840500
597570160
597626748
598221668
598258904
600298340
600969556
601937976
604087680
604893912
605872180
606074108
614771652
615263004
615432920
616549592
617321932
617530376
618335132
619446624
620157804
620576080
621058964
621676264
622264312
622913672
623114388
623205552
623420532
623534568
623693980
623888856
624058112
624282656
624343060
624465984
624661084
624887968
625019116
625079212
625225136
625342208
625725104
625757456
625781732
625804984
625884912
626027552
626709128
626794220
626849660
626929904
627030764
627215464
627243532
627419828
627653448
627782964
627910088
628254776
629530272
629674224
630613228
631113396
631267956
631379096
631483884
631640180
631779184
631917808
632068428
632484544
632604824
632919088
633287024
633779368
633977952
634557696
635110984
635224824
636001992
639868240
641882276
641948128
642171264
642888200
643219728
643386784
644113548
653346648
653541296
653603712
653736752
654183732
654344928
654414236
656596832
657381156
657397908
657519628
657658528
657800016
657993512
661248060
662364192
662513440
662607532
662738084
662850860
663195612
663269752
663352128
663606800
663855232
663890980
665717592
665935216
666088268
666171732
666666940
666763756
666841900
666865704
667228596
668009556
668178216
668348956
668466704
668543204
669039740
669239744
669445964
669526092
669808344
670057760
670181920
670321896
670452920
670524808
670602928
670671080
670685748
670817664
671362192
671725828
672180780
672412004
672964792
673138360
673264788
673345832
673933332
674527948
674878024
675165600
675402024
675457696
675505896
675718864
675734844
675834944
675906812
675937644
676059016
676108688
676165420
678013692
679804548
680176648
680225284
680458372
680726380
680965312
681180532
681531952
681908416
682092748
682189496
682659884
682681440
682848344
682934444
683107860
683749972
683853492
683940568
685561956
685811972
686038188
686795900
686940924
686960260
687020828
687134208
687567156
688071104
688182824
688987344
689124844
689140852
690237932
690410044
712913328
712970072
713843252
714908152
715012412
715175148
715290160
715329148
715487660
715728156
716357904
716473928
716798948
717416772
717807920
718244956
719057480
720121540
720436208
721356128
721751040
721757048
722207068
722418036
722889020
724806912
725098528
725375768
726035104
765536244
766367304
766791952
769018064
769650012
770345116
771041144
771265612
771377300
771753200
772740304
779800152
782182804
782223728
782462096
782656052
782710496
782772304
782895324
782912668
789768476
790523520
792094076
792565492
793061132
793189148
793674060
801103872
801645248
804029544
804504016
804882072
804920008
807308668
807875768
808884712
810713748
810794936
810935020
811027344
811163780
811231084
811319544
811399352
811485972
811665716
811754224
811828024
811899816
811948780
812036716
812094860
812219240
812299124
812373820
812475072
812906488
812977592
813021596
813094764
813188844
813666176
814372268
814403652
818422548
819654968
821626704
823649116
823928220
824172832
824328604
824335640
824379964
948596396
985588980
986474900
986644340
987933216
988215464
989415916
989504656
990214808
990916824
991740260
992046900
992225952
992501524
993116520
993841512
994506004
994711128
994789124
994872412
995861216
997635488
997782812
998657076
999006352
999087920
999313288
1000098804
1000802260
1002418800
1002500260
1003577364
1003591340
1003797416
1006206100
1009918936
1013489140
1018818812
1020820596
1042852348
1063563796
1066951136
1067856960
1068624260
1069751656
1086303356
1103857300
1121329100
1123558128
1145707308
1155624768
1167190928
1191545908
1192120684
1193578340
1198924464
1203637328
1206883476
1208080488
1210251124
1211001968
1212783232
1213793268
1214370180
1215307484
1217412204
1220965132
1224057040
1242912136
1251334160
1253594076
1262632300
1299930604
1306247144
1316692768
1319024784
1326877016
1328379112
1344818396
1556521348
1567687872
1584048452
1596556188
1599921628
1600615492
1600632908
1600657192
1601545580
1601585324
1601654532
1602814096
1603385104
1603598440
1604102472
1604794192
1604823060
1604862472
1605400284
1609993192
1620677464
1627762532
1635544788
1640577748
1646063420
1653659908
1660364848
1662470792
1662736252
1663106692
1668312448
1669222992
1671374412
1672351336
1698112008
1701480044
1701507580
1701570724
1705317616
1710905080
1732256496
1732823196
1738677024
1740039408
1742671956
1742932448
1744300828
1744832632
1748526252
1748866208
1748939444
1750074484
1750755352
1751318456
1751662276
1752542412
1753103076
1753782492
1754308108
1755859780
1759209968
1759260236
1759299480
1759395908
1760733012
1760942208
1763768480
1765560624
1767171692
1768246740
1769472320
1769648832
1769832100
1769949016
1770111124
1770661100
1770682428
1770774044
1771205212
1771302816
1771434708
1771493864
1771583596
1771876684
1772070604
1773346584
1773616492
1773647292
1773776884
1787949804
1788265456
1788527184
1789885912
1791227180
1791581496
1792007564
1792136456
1793562180
1794459324
1795378236
1796107212
1798302500
1800282240
1802726340
1803130004
1804189272
1804314216
1804368900
1804431332
1804482948
1804533952
1804575240
1804628152
1804645628
1804655692
1804666656
1804682116
1805249384
1805477404
1805593948
1806229420
1811491536
1813838296
1815112692
1817567940
1817637352
1818713760
1821763876
1823684304
1824919732
1832564960
1832818996
1842149172
1858059476
3895271468
