0
668868
1127368
4231524
27907780
28878180
29012532
29778056
30054920
30199980
30379576
30759928
30819084
41071704
41494896
42597996
43346104
43643740
43892384
47431876
47732644
47992864
48117176
49527332
49562824
49655912
50290008
50889728
51468904
51734224
54447904
54548724
54879312
55154740
61989292
63846120
64598056
64766328
64916136
65161076
65259632
65531972
65734320
65832108
65941340
68423340
70479080
70558804
70924244
71094752
71227788
71369476
71520700
71647868
71798680
71950560
72055356
72528172
72700836
72883360
73019632
73342660
73519576
73641728
73804328
73900228
74499820
74902608
75119968
75772964
75871680
77068636
77597264
77779508
77920496
78049764
78160528
78505184
78703004
78855932
78964420
79210336
79633064
79876456
79997248
80186076
80390356
80638348
81072544
81257640
81405848
81681632
81811516
81830820
82482820
84428416
86207576
91191804
93160340
95953248
98053240
98859408
99468168
100916028
101148440
101241028
101288972
101700732
101742628
101757252
101831976
102969040
103090752
103167196
103352164
103477548
103646268
121805564
121835492
122078424
122218936
122390012
122741660
122812904
122964168
123150176
123334612
123744200
123886572
124051428
128319684
128515236
128841692
129016992
129324600
129747216
129960628
133818324
136408788
137024364
137149868
137282420
137511328
137990076
138158592
138556220
139063504
139342060
139688980
140039336
140231604
140691740
141279892
141851392
142157568
143508380
143625744
144107408
144281036
145671284
145816576
146047392
146264920
152895584
159599792
162549992
162659796
162765476
162882904
163059972
163245012
163467084
163665728
163894440
164637288
164830948
165012256
165135660
165257544
165377152
165646800
165903336
166046360
166152272
166742996
166840292
166964644
167065300
167173756
167385748
167489052
167615432
167725724
168000364
168198168
168418888
168649140
168775748
168896152
169593904
174146152
174595168
174775800
175133880
175484488
175917892
176249024
176564112
176871792
177062048
177529968
177842072
178185456
178546020
178900108
179268848
179602468
179985224
180157164
180312176
183649508
183912392
187096444
187573928
190851300
191170800
195496936
195806900
196181204
196356736
196546236
196904672
197275180
197381288
197597800
197785280
198154308
198421496
198873444
199135260
199348204
200189236
201950856
202783420
203213340
206810924
207012408
207685880
208286932
208423700
208586020
209529236
210281496
210932092
211119412
211471168
211726776
212366944
212705900
212883056
213892260
260307736
260411632
260715144
261177156
262489764
262647716
263728632
264423332
265471712
266711676
267830384
267940496
268422236
268759392
269452540
269818336
270144344
270362088
274824744
275694640
275962588
276594392
277474692
278367696
278775616
282403652
282565352
282703448
283542704
284069860
284576228
285282800
285366780
285796376
286114836
286408048
288268428
288512804
288727472
288823272
289205524
289271052
289569568
290467512
291904468
291959248
292115012
292623024
292820660
293218772
295687216
299292932
299303196
299784420
301271076
302516880
303329708
303790760
304623792
305328500
305717592
308244260
308383860
311568168
313354524
328746632
329394496
330261076
331154716
331302416
334945836
336899568
338611392
339878188
340956992
341541040
343046904
345562872
358824996
361375428
361474380
363456056
366313696
366424748
367592920
368839524
369715176
369847808
369983596
370125012
370301012
370782412
371033364
371320896
372380924
372923604
373810736
374923244
376078532
376673140
377577088
378334044
378675136
378708304
379140304
379498880
380035076
381882876
382707096
382822996
383788200
384472148
385129656
385526912
385677100
385950808
386805000
388140844
388506532
390097136
393046856
398250948
402215152
403330152
403880260
404407296
406553468
408111128
408878892
409938760
410391460
410549980
411331048
413332496
414286484
415726092
417034276
417554172
418599704
425242252
425508620
425881812
426520520
428121488
428260268
428436816
428554128
428684052
429116784
429320200
429566796
429944236
430192084
432520432
438630524
439424700
440029896
441137532
443235072
443640492
445094168
447308904
447773836
448764248
449565880
451734548
452315220
453265272
453950484
476920752
526542344
526948644
527060304
538557064
538694500
538841956
539014628
539442264
539593432
539965712
540571644
540949136
541332024
542375876
543156160
544485976
545231700
546000416
552569760
552789292
556556716
556730944
556997740
557530684
558379884
558546644
558693452
558882704
559241336
559429320
559612748
560047076
560099436
560678408
561987832
562398664
562760000
563197396
563793772
564208488
564938152
565468768
566088728
566781368
567051404
567213764
568454888
569143856
569819916
570247188
570896468
571429096
572285756
572576128
573135772
573578172
574015900
575045296
575747404
576726372
577653132
577966532
578964912
579722732
580490784
581313580
582310492
583156996
584012944
584133420
584277576
584363364
584591064
584740176
586045660
586549356
586944376
587230608
587457084
587722364
588182792
588763964
589779604
590366704
590850936
591175004
591471232
591752900
592099920
592435144
593040260
593454396
593933496
593947068
593955892
593970668
594009824
594023148
594043352
595076992
597449300
599616900
601731244
601810664
601876800
601905540
602433528
602483612
602939304
603206624
603429664
603944904
604300344
604685252
606043408
607395832
608113132
612247536
613069944
615418208
615590420
615702316
615885216
615925952
616019412
616040052
616060612
617014368
617173808
617317004
617359116
617544684
617603096
617659496
617701488
617768820
617843816
618508128
618996864
619083952
619194748
619301284
619435048
619583652
619632388
621531008
621617944
621650236
621686856
621817476
622872456
623291016
623545692
623900304
624237000
624683480
625431392
626884504
627110232
627543852
627814812
628401996
629364872
629528796
630158196
630341072
630942848
631019404
631262728
631633976
631659288
631706220
631788152
632043464
632121920
632186264
632257384
632347472
636181416
636277392
636614176
637280660
637358552
637405032
637443764
637526288
637856088
637979912
638105540
638240428
638348316
638410764
639202468
639332360
639366168
639399896
639684516
639774072
640657880
640716952
640824280
640854604
641567436
641576708
641659484
642330108
642339588
642364696
642479812
644071004
644135752
644193640
644372692
644388312
644574184
645260848
645382256
645871660
646124424
646138124
646349120
646731284
647000240
647282924
647560488
647836784
647990712
648185280
648223320
648250156
648344052
649690556
650750952
651427276
651878428
652131524
653385896
654302628
656496172
658108600
659877512
663602664
666535032
667103404
667779820
668563988
669224240
669866928
672448300
673619664
674275056
675832320
676712708
677328740
678210588
678753204
679783444
679978032
680045500
686227428
686847532
688233792
689163944
689678576
689965912
690185464
691006168
691682576
692551932
693614708
693917772
694036108
694477324
694656688
694710412
694760376
695793508
696191224
696942628
698450820
700250172
702355816
703157360
703378392
704549608
705548300
705872596
706027348
706742524
706866636
706999660
707131428
707207712
707666412
707952260
717476660
718302028
718577440
718805592
718922320
719068612
719521348
723333912
724731800
734450508
736429280
736774136
736934496
737058460
738421528
738743536
738794796
739326276
742384088
742684352
743327712
746393216
747554272
748529960
749525160
749776484
751916532
752840072
752997868
753243536
754921928
755674300
756905776
756979136
757085428
757263264
757471712
757688348
758614328
760369996
760806752
760987024
761177436
761410388
761725792
762242320
762593272
762922900
763133140
763669728
764037832
765069024
765517192
767070704
769061520
769963664
770813356
772752108
772974776
773460140
773823516
774476408
774842344
779979740
781483392
782172244
782444380
786755076
787131992
787560340
788846872
789952004
790217988
790401504
794311184
795082840
795811544
796158544
797552056
797784364
798661504
799531984
799968612
801165500
801690712
801941472
802278404
802534140
802976764
803864056
804409260
804781180
805042216
806379704
808813768
808946748
809811036
810382216
812082820
812876692
813652468
814281484
816871964
817500436
817745768
817824232
818738440
819482480
819699856
826467352
826942984
829653768
830377044
831004960
831125268
834073952
836151480
836951508
837308668
837975112
840090320
842102084
843560708
845330244
848012476
851550856
852919760
853452324
853565356
853668956
853986576
854604368
855361768
856163684
856887296
857678924
857945136
858994668
859370088
860624040
861445504
861566880
863391112
863521080
863911016
864436316
864647456
865391412
865634436
866710856
868284868
869138432
869349988
869997756
870496112
871124368
871644004
871793296
872421508
873411720
874021424
874724540
876164440
877118056
878039600
878784100
880109124
881329156
883400532
884246580
885416356
886343896
886888732
888814904
890116188
890427188
890953484
891510180
892187088
892423180
893510740
894202116
898306476
899603688
901405168
902220396
902779700
902957008
903451660
904291376
904948344
905293392
905473744
905675556
906008584
906240484
906557720
907254632
908090616
908689692
909477872
909767188
910542788
919728204
920363596
920456704
921496936
921585160
921661156
921787624
921951808
922038576
922352420
922527996
922848576
922926260
923045340
923327724
923422972
923489652
923617760
923667368
923809108
923949940
923963344
924022204
924057800
924086144
924099196
924125756
924201236
924219232
924233908
924240872
924461672
924601276
924659716
924675372
924761908
924804024
924994224
925040344
930151332
930789452
930907456
930935016
937223704
946638532
946860660
947015624
947215660
948396188
949121904
949810384
950770060
952394064
954350024
954971672
956936232
958063376
958124332
960517224
960983120
961642924
962196888
962816976
962892388
962990040
963653300
964727316
970102944
970134340
970225280
970288096
970475712
970569188
970658580
970728300
970964912
971027284
971092924
971112388
971143176
971168452
971186672
971200008
971211700
971225336
971240612
971266700
971290044
971357340
971417992
971429520
971440676
971491756
972022768
972654448
973371132
973924484
978826376
980341008
980477928
980524140
980532536
980627380
980670616
980687688
980777000
980797648
980818332
980860712
980908356
980986492
981058848
981143380
981170020
981311416
981455952
981500808
981566244
981660216
981893392
981934116
981979624
982060296
982199720
982256200
1025084140
1025538576
1027783592
1027824252
1027929876
1027998652
1028047632
1028173352
1028215072
1028770592
1028809384
1028892620
1028996056
1029010772
1029125700
1029179424
1029224236
1029259556
1029335680
1029575860
1030404776
1030418880
1030438888
1030480304
1030514044
1031085788
1031110308
1031136124
1031226040
1031260236
1032022580
1032176840
1032337624
1032451604
1032943968
1033536792
1034255212
1034819836
1036931200
1038113448
1038195948
1038316404
1038385788
1038546860
1038622184
1039079948
1040467636
1041114036
1041402580
1041440288
1041504948
1041614700
1041765412
1041905552
1042076052
1042177964
1042230216
1042335676
1042410032
1042476968
1042522256
1042885228
1042962280
1043010592
1043075252
1043185468
1043625856
1043698800
1043872592
1044880992
1045491624
1045805828
1046574852
1047412428
1047634204
1048337164
1048429056
1048661256
1050332228
1050517896
1050554820
1050651232
1051247984
1051354792
1051609036
1051630768
1051673692
1051781148
1052313144
1052742244
1052986896
1053072468
1053342948
1053424160
1054049492
1054867356
1055001064
1055562068
1057499340
1057767856
1057966480
1058101656
1058240968
1058414580
1058700752
1058844960
1058986256
1059207984
1059367660
1059477600
1059609264
1059725656
1059895232
1060017436
1060138452
1060256316
1060383384
1064066820
1064266224
1064480860
1064803992
1065028740
1065153068
1065292492
1065525788
1065686028
1065810684
1066034576
1066122336
1066224312
1066334664
1066455540
1066579924
1066685700
1066874456
1067020736
1067173008
1067354180
1067444668
1067497032
1067570644
1067615336
1067725104
1068369704
1069047644
1070614576
1070752776
1071381056
1071505812
1076529096
1076909048
1077262452
1078547440
1078726584
1078939852
1079074492
1079239120
1079546452
1079692344
1079891756
1080056180
1080158264
1080172484
1080359068
1080736232
1081069180
1081333876
1081464212
1081731252
1081843276
1082069764
1082535780
1083079296
1098335616
1098832124
1100180448
1100920168
1101405564
1106440496
1106541912
1108850284
1108873028
1110947016
1113505888
1114305172
1115121476
1115176016
1115363728
1115519124
1116355220
1116754900
1117223708
1117340712
1119895628
1120016524
1120026496
1120136404
1120329588
1120462184
1120820716
1135796284
1135807624
1135916820
1136014716
1136119884
1136237180
1136408564
1136486972
1136566528
1136696684
1136779584
1136861860
1136955716
1137213552
1137411176
1137545060
1137730400
1138172384
1138245476
1138390556
1138530820
1139315500
1139432252
1139843808
1140389620
1140941060
1141424456
1141595988
1141707436
1141825644
1141907832
1142071976
1142384620
1142513248
1142595836
1142717616
1142832244
1142943508
1144143252
1144184768
1144234588
1144930880
1151933348
1152555496
1152745704
1153483640
1154040660
1154220008
1154401232
1154654228
1154838972
1155260228
1156726784
1156888976
1156929504
1157286916
1157639552
1158742912
1159038324
1159638784
1160223116
1160917644
1161130144
1162060476
1162168600
1162360288
1162492532
1162581440
1163189588
1163637400
1163825128
1163983384
1164201452
1164333404
1164414768
1164709364
1164835968
1165743844
1165931696
1166042660
1166290196
1166507036
1166778092
1166873920
1166987084
1167121916
1167349068
1167373332
1167579176
1167823540
1189281744
1196661436
1199196224
1199486464
1199833436
1199971900
1200452308
1201800432
1202240392
1202923024
1203247556
1206840476
1207409844
1207627136
1208450740
1208999192
1209286836
1209496316
1209637280
1210033768
1210238396
1210423476
1210616564
1211161860
1211447192
1211626384
1212615292
1212784824
1220887076
1220995692
1221019852
1221170824
1222747512
1222995024
1223146272
1224005288
1230802856
1230861796
1231053952
1232073256
1232429460
1232865052
1233012204
1233105924
1233312176
1233543504
1233795096
1233960436
1234083668
1234224308
1235032728
1235082176
1235212964
1236292012
1236544052
1236924704
1237074464
1237747712
1238393916
1238613672
1238755664
1238853336
1242131316
1242601272
1246513600
1249546236
1249694380
1249747616
1249790684
1249847196
1249873252
1249938764
1250058244
1250116948
1250173940
1250241476
1250294436
1250394556
1250445532
1250511976
1250585740
1250677968
1250746596
1250798196
1251020968
1253123716
1253844720
1254122592
1254195832
1254343944
1254482148
1254572984
1254675824
1254752872
1254803532
1254975568
1255177152
1255406808
1255730824
1256159212
1257644672
1258293584
1258537784
1258624052
1258692548
1258740988
1258782260
1258851220
1259008456
1259112840
1270997724
1271123132
1271560904
1271632972
1271755172
1272166188
1272723808
1273475992
1274118336
1274653660
1274790212
1274909684
1275041764
1275147988
1275155568
1275190832
1275312224
1276858100
1276941112
1279104012
1280151892
1283885452
1283892636
1284262008
1284694264
1285017468
1285336448
1287941140
1296891884
1297255888
1297901776
1298558548
1298887144
1299119448
1299293352
1299650184
1300000096
1300729284
1301311084
1301640928
1301653972
1303472856
1304329068
1304887072
1311039924
1311995684
1312513176
1313224864
1313282168
1313336928
1315001040
1315258552
1315508592
1315656996
1316408860
1316818144
1317144420
1317641108
1318137912
1318579708
1318953220
1319290236
1319414132
1320033852
1320445080
1321617752
1322077808
1323120816
1323751180
1324479376
1325161560
1325822752
1326426308
1327143836
1329804124
1330221884
1330826716
1333734320
1334181520
1335798372
1336705444
1336908564
1341133116
1341244512
1341814972
1342241364
1342960604
1343402116
1345455176
1346983476
1347347776
1347545608
1347904944
1348217216
1348465476
1348635820
1349013796
1350988844
1351542828
1351894140
1352258468
1352561496
1353192520
1353257112
1353865872
1354051032
1356117028
1357163980
1358406784
1358721468
1359351588
1359825660
1360288296
1360761256
1361278188
1361715640
1362160436
1362651324
1362925324
1363344984
1363643764
1363864608
1364301836
1364818908
1365129308
1365568884
1366102848
1366624996
1366859408
1367640212
1367994056
1368427308
1369094348
1369378956
1369757176
1370313192
1370662088
1370972320
1371546232
1371995304
1372609500
1375035312
1375404380
1375813788
1376863048
1377606468
1377908904
1378132496
1378431864
1378711832
1379022636
1379130560
1379467680
1379718376
1379869140
1380114604
1380507988
1387447624
1387868344
1388170548
1388539932
1388924188
1389413844
1389912308
1390337036
1390749888
1391194612
1391735116
1392272080
1392601644
1392800268
1392947864
1393230612
1393430732
1394373460
1394901704
1395331276
1395492528
1395835288
1396014692
1396221756
1396400792
1396570288
1399006676
1400120708
1400787220
1400881928
1401241260
1401870380
1402421952
1402827952
1403140008
1403374580
1403613316
1404503792
1405409020
1405764560
1406058152
1406437580
1406836168
1410940828
1411735232
1411955960
1413075968
1414016592
1415354740
1415935112
1416183896
1416572312
1417312464
1420104032
1420528304
1420961820
1422365024
1422845328
1423069784
1423516396
1423762764
1424196728
1424372868
1424756120
1425998948
1426156060
1426473244
1426725876
1427151720
1428233872
1430336768
1430997528
1431246648
1431372252
1431473004
1431713396
1431823324
1432010492
1432202048
1432394224
1432439284
1432511900
1432571476
1433020188
1446334732
1446543648
1447369488
1447740124
1447921836
1448462560
1448621908
1449023564
1454593544
1454760028
1467874740
1690254976
1690569780
1690939156
1691354956
1691971912
1692506712
1692693764
1692778988
1693402160
1694044272
1695024680
1695283304
1695497800
1695581952
1695911040
1696307884
1696707268
1697169332
1697501036
1697902320
1698353776
1698566612
1699629900
1703653016
1704406360
1710367096
1712770436
1714234632
1715526736
1717521876
1719009948
1721108780
1722524300
1726513728
1730235812
1733750208
1737742124
1737937076
1738041500
1738758412
1738850176
1739936272
1743261544
1745065688
1752408700
1752542692
1754804552
1756571536
1756595340
1757823360
1758156012
1758914236
1760556852
1760973792
1762791964
1764350844
1767223872
1769714452
1769935100
1770066316
1773876676
1774193832
1774444352
1775793316
1776772120
1779857372
1780303620
1780975340
1781164080
1781577708
1781865336
1782517392
1783053328
1783688652
1784166144
1787536740
1788829340
1790176296
1794483628
1795609864
1796304416
1798528268
1798552672
1799792856
1801138992
1801208864
1801396628
1801442316
1803153420
1804612404
1808005028
1810852328
1811679684
1812283328
1813355936
1814310200
1815619304
1816713096
1818104756
1819109348
1820635220
1821429124
1822347608
1823401900
1824283112
1825152404
1827101396
1828157384
1828715128
1829817472
1830206568
1831650300
1832499200
1832698852
1832820520
1832967136
1833188532
1833386660
1834426788
1834755480
1835183944
1835675320
1835994284
1836559420
1836609764
1837083896
1838989376
1841945108
1842337372
1842844148
1845798312
1846496212
1851183804
1852106328
1852277172
1852932900
1853166512
1853920652
1854330048
1855597456
1857047280
1857797632
1857946528
1860610760
1861317100
1861568584
1862144788
1862627304
1863958048
1864390664
1865433336
1866783644
1867681500
1868142780
1868641352
1869075024
1869154328
1869644384
1870459280
1870948128
1871471944
1871779344
1872363344
1872963048
1873641036
1874665992
1874797728
1875152976
1876279668
1876599088
1877235592
1877405508
1877495288
1877702636
1878148420
1879074228
1879497280
1879739424
1880125376
1880453160
1880882424
1881147632
1881629256
1882305476
1883495280
1883738724
1884276468
1884417796
1885029228
1885388400
1886054068
1886694564
1886872348
1887280356
1887775520
1888299048
1888895912
1894754084
1908393564
1908620660
1909055232
1909638676
1910095572
1919220764
1921213196
1921318184
1921452304
1924320512
1926657300
1927938624
1928542820
1928833724
1929354680
1929969768
1930403268
1930879596
1931082484
1931217624
1931322844
1931356200
1931400792
1931488768
1931569604
1932799188
1933282024
1942119940
1942729616
1943189464
1943217608
1943272496
1943361448
1943529012
1944016968
1944534228
1944755180
1945371812
1945879548
1946323592
1946735996
1947180880
1951122208
1952321520
1953275744
1953752932
1954069012
1956487604
1957035128
1957543260
1957794436
1958412912
1960549964
1960618196
1961577948
1962214868
1964475924
1964591732
1965112792
1966402160
1967197384
1967507956
1967703756
1967775996
1968549908
1968598772
1968627744
1969595144
1969717736
1969758676
1980288976
1985263000
1987159108
1988198916
1988323068
1988454744
1988585400
1988714236
1988859968
1988987144
1989130032
1989194836
1989772732
1989970848
1990220044
1990390536
1990605932
1990818284
1990980860
1991304436
1991636676
1991812840
1992000788
1992112116
1992486208
1992818856
1993107488
1993344888
1993458956
1993612948
1993936296
1994484688
1995162728
1995267476
1996751484
1996955980
1997260300
1997409212
1997871716
1998347748
1998796628
1999236496
1999696520
2000077784
2000208956
2000483920
2000632740
2000782076
2001280168
2001428520
2001776672
2002410652
2015188292
2021463640
2021865144
2062790424
2063198912
2063333292
2067223820
2073158072
2157449108
2157744460
2159032772
2159397932
2173636676
2174320012
2175297884
2189887576
2207285820
2230970452
2232202664
2232449060
2233811168
2241816224
2245836564
2247014744
2249773044
2256769204
2311665664
2343069020
2360409408
2361018664
2364956712
2366084512
2366445300
2366610880
2366877096
2366893672
2374114388
2374442768
2374638076
2374703176
2374949124
2375201888
2376464000
2376797972
2377143360
2377488952
2377990844
2378027936
2378226280
2378415936
2378677176
2378889376
2379030656
2379865496
2380270436
2380882624
2382012420
2383042812
2383382704
2383597756
2383843536
2384203308
2385968408
2386947440
2389616492
2390526280
2391028364
2391608644
2393366120
2393811996
2394172400
2400297960
2400943028
2401022412
2401455108
2401827080
2401900296
2402085776
2402419120
2403205588
2403530120
2403989860
2404149188
2404260792
2404349144
2404370296
2404444556
2404509228
2404772484
2405069128
2405459840
2445736148
2462923540
2483325680
2484074324
2484852352
2484923112
2487812472
2494829456
2543813128
2544054368
2544089772
2544191880
2544202020
2544252464
2544678796
2544948476
2545268800
2545499016
2567689332
2567723060
2576528732
2579071012
2580746408
2581672744
2583285768
2583663944
2583912408
2584681144
2602452316
2622157000
2622258284
2622348820
2622416392
2622536924
2622805556
2622813296
2622835120
2622854404
2622877336
2622888144
2622926664
2623006288
2623487076
2624133500
2624284328
2634584172
2634743384
2634970624
2635049836
2635890772
2636114392
2636189452
2636364696
2636574440
2636732380
2636914304
2637236972
2637266956
2637319244
2637471228
2637538480
2637719360
2637788176
2648714788
2648728468
2648762124
2649285188
2657582508
2657680232
2657836028
2657925760
2660826532
2667909624
2670621700
2670766240
2676711212
2679573048
2680386528
2681655488
2682956744
2683289564
2683534044
2683673600
2683960660
2684630280
2685634436
2708145880
2708385844
2708425320
2709145516
2709185660
2709294384
2721812928
2723775916
2724030920
2726578792
2726721620
2726784200
2726875416
2727481576
2728199048
2728236020
2728262684
2728298268
2728334436
2728956156
2729016740
2729067480
2729096064
2729142484
2729365408
2730799768
2730898604
2730927012
2730952688
2730999348
2733647860
2759680044
2761305644
2761441924
2765775936
2766142264
2771008768
2772330732
2773696612
2774940116
2775068760
2776268212
2777156116
2778370048
2778991036
2780219440
2781676768
2783152236
2783910944
2785035680
2786338984
2787777700
2790129064
2794576428
2796470192
2798362292
2799911468
2800695868
2802547032
2804000228
2805834784
2806644132
2808082540
2809410780
2813160096
2813706896
2814671600
2815019280
2816865504
2818103860
2819239740
2820992300
2821919008
2823195420
2824685724
2825952020
2826893832
2827516412
2828770336
2843940760
2844543312
2844681348
2844829612
2846158180
2846258700
2846303000
2846342452
2851426712
2858140784
2859082040
2876934656
2922416944
2930088816
2930145192
2933358044
2933591892
2934063480
2940012772
2941710008
2942308680
2942982908
2943618652
2944201896
2944771964
2945352384
2945895100
2947968484
2948545988
3360225984
3361603632
3362944952
3362965984
3391301828
3391416996
3392714008
3394282388
3408222092
3639192108
