0
38914636
39780556
44259516
44324652
44471416
44608656
44849316
44881748
45061928
45662692
45667568
46286160
46400448
46425276
46491440
46517584
46671276
46970552
47060536
47088716
47267652
47303652
47407704
48383556
48467620
48498088
48808812
49128828
49441340
49821580
50776504
50852768
50944792
52327368
54521932
54930232
55185604
55254472
55500968
56615940
56682740
57205868
57242960
57500956
57609532
57805272
57935508
58430900
58462788
59086604
59442856
59488884
59562588
60170988
60601428
61098520
61621444
61951876
62109552
62173404
62943516
63709988
63764512
64433020
64669176
64831380
65133164
65176888
65197948
65281028
65310832
65331916
65354144
65685624
65740544
65816732
65873580
66583912
66647440
67405024
68083600
68895084
69082452
69508696
69595012
69867600
69878836
69951988
69980700
70020652
70094096
70135524
70150600
70280256
70607708
71115016
71133560
71166612
71179880
71219552
71343512
71458216
71474948
71502916
71633400
71697040
71715720
71775888
71798172
71905108
72151952
72247820
72470240
72483204
72540984
72688800
72832740
73084924
73197920
73817912
74116448
74152880
74164492
74180212
74213676
74216660
74265940
93493092
93871780
94040760
94582292
94638936
95586516
96241372
96292540
96348060
96576128
96688544
109445348
109604120
111553232
111657160
111719264
111840752
111938856
112012272
112179320
112234828
112569184
112824080
112866908
113468028
114516008
115121148
115915500
116078088
116115392
116591748
116659824
116761888
116822164
116932420
117201472
117538848
118052236
118632036
118684464
119369896
119455368
119491428
119623308
119748496
121150000
121416304
121446756
121541232
121586692
121862772
121881428
121920392
122947716
123005312
123054296
123118508
123139956
123163064
123209636
123276472
123330508
123948472
124703776
124880884
125119224
136476296
136580200
136631692
137069452
137116324
137424448
137536280
137557920
137616136
137710508
139764032
139879608
139943592
140950920
141004804
141850452
142999620
145252332
145736376
149921980
150504052
150746804
150885204
151394428
151417508
151483064
152223952
152332772
152407164
152455164
152658332
152775272
152882172
153320412
154680400
158505848
158790624
159020584
159062780
159200344
159269332
159288464
159358444
160256972
160280600
160365580
160472448
160579788
160625512
160761580
161009788
164926528
165985488
167719948
171356264
172400160
172608292
172835352
210210744
228976416
237172420
259852268
264609572
280871272
290964008
300814468
300896052
301007756
301280044
301437460
301756776
301809472
302266612
302280280
302367040
302381740
302440060
302446872
302470348
302495820
302547236
302781660
302784400
302787556
302808148
302875696
303225684
303302184
303414828
303660044
303807836
303809616
303869544
303871704
303932104
304032148
304087636
304369360
304462048
304504876
304574944
306885440
306943972
307337396
308340560
308905448
308940208
308960640
310836824
311382608
313938328
314372936
314518416
314653088
323973952
324219208
324579564
325066964
325271188
326358272
326501428
329158332
329290456
329348604
330218816
330248784
330324296
330909272
330964164
332821988
341302276
341376896
341865644
342102120
344127928
344251312
344277200
344597436
344611708
344741760
344778392
352917760
352924352
353054532
353316620
366223604
377816252
415736540
418968604
429854336
434563504
446162620
447007440
447129280
447943868
448006624
455492996
455936032
456612520
465668988
465814584
465834236
465875400
466062568
466163716
466207016
466221724
466271760
466355080
466719380
466773548
466868620
466905456
466989060
467265768
467809420
468676048
469337656
469601996
469650752
469792756
469827776
469892404
471329792
471861628
472401232
473078580
473614740
473650496
473741436
474050968
474168392
474210348
474349920
474430632
474474216
474676792
475733232
475796868
476174416
476288348
476313828
476408448
476455832
476977524
477027480
477183064
477233132
477399520
477424768
477573000
477599164
477631552
477772736
477878324
477914792
477960104
478269132
478783716
478848080
479049688
479285188
479463204
479558372
479658176
479774356
480284488
480457188
480602620
480935236
480972104
480999492
481083724
481386740
481421760
481894988
482891936
483043064
483196472
483298676
483339056
483449308
483681560
483765120
483810996
484101812
485501852
485674224
485917564
486067112
486148888
487921616
488760744
488992164
494547412
494683636
494730328
494799808
494893168
494961096
495023388
495103100
495167292
495211640
495272880
495432040
495468032
495539340
495831028
495919228
496325792
496362632
496529928
496804888
496865044
497094512
497212584
498295672
498448800
498557716
498779064
498793848
498826420
499055524
499098712
499303356
499580476
499659944
499712172
499828132
499969740
508676160
515486336
523519540
524487460
534008952
534473680
534764360
535363128
535398528
535906752
536087372
536118600
541213932
545582428
546520204
546725348
546917652
548058664
549017008
549600436
549652516
550289336
550364264
550905544
551012612
551665592
551791024
551988740
552110168
553758708
560169192
560969160
561216856
561255768
561302012
561519148
561625716
561694996
571101936
571330140
571390272
571753344
571800932
572056684
572279924
572422704
574297384
574315004
574467656
574616348
574869392
575102276
575339596
575602992
576080788
576617540
576984556
577077592
577507180
577583480
578206080
578266112
578692308
578750652
578815396
579004268
579124712
579379384
579472444
580016076
605157332
605217964
605264148
606755296
606855512
607623164
607767512
607808412
607993980
608104448
608243956
611140620
611682736
611741424
612028692
612367008
612410176
613660228
615345204
615686160
616032856
616815192
616887912
616998580
618552280
619426356
619507772
619562364
619842984
620448556
620492788
621633056
621770624
621881184
621927692
623098236
623207296
623213480
623250904
623454496
623555820
623636076
623721592
624323568
624381712
624415444
624468092
624510224
624566280
626919308
627019268
627776952
628133864
628849084
631433616
631452800
631513120
631629712
631916672
632029776
632113424
632260656
632508152
632648064
632827048
632998256
633684192
633900396
634184836
636175500
636700764
637582464
637920236
638191660
638477976
638744112
638902260
641145472
641247488
641343888
641681828
642336480
642546784
642949072
643215040
643671896
644082248
644124272
644283236
644576892
644784712
645761428
646032236
646341640
646674256
647111260
647347016
647880632
649022260
649161132
649290504
649569944
649600524
789018392
789833304
803152116
812071408
825512572
826065376
826652464
826902996
827413056
827431468
828819096
842349700
842424252
842636900
843877676
850723200
881738932
916964832
924612380
926346668
934384604
943551712
943597892
943669956
943724504
943965956
944326668
945708528
945921216
945949276
945967016
946163672
948443396
950624756
950640360
950671908
950894416
961888700
962065068
962183612
962299464
962684204
962704348
962785796
962832324
965847504
965882028
966183372
966207100
966405772
971547376
971609588
971883636
971919980
972211204
972580852
973307268
973837200
973910084
974576220
975122688
975323500
977292764
977448544
978306200
978352696
978459684
978550884
979258892
979969516
980435592
980449932
980513664
980531752
984808324
984902244
984958788
985461684
985557580
985586212
985633588
994209828
1023860160
1024228344
1024268924
1024348304
1024391896
1025015388
1025029216
1035394064
1035446704
1035469604
1035504472
1039554324
1043492016
1043584944
1043997552
1044613688
1050221256
1050242796
1055606548
1055632604
1055699256
1056900468
1060416156
1063531708
1094784404
1105694736
1111627368
1114185184
1115710000
1126401988
1128623044
1128679608
1128794056
1128855588
1129082648
1129493304
1129703736
1129730748
1129772900
1129801844
1129811904
1129825892
1129980468
1130674296
1130680824
1130711292
1130726872
1130750656
1130761404
1130802104
1130814060
1130820948
1130829624
1130835788
1130842380
1130849072
1130867612
1134214560
1134279916
1138177252
1138335320
1140410928
1140586816
1140742052
1141900212
1144080392
1144138452
1144550100
1144676784
1146477324
1147448992
1147474316
1147664660
1147873908
1147984612
1148053204
1148221868
1160814144
1174445976
1174506872
1174673004
1175131344
1176688248
1176740764
1176932680
1177057528
1177115012
1177288296
1177332092
1177748148
1178186540
1180022224
1194018932
1212771648
1212841524
1212911356
1213018684
1213062468
1213234204
1213252056
1213653096
1213703260
1214689156
1214737144
1216458552
1216977400
1242327696
1242729596
1242775688
1245826592
1246750164
1246796032
1248980712
1249104396
1249215784
1249423952
1249506940
1249688132
1249697592
1249729396
1249755964
1249849732
1249947156
1250019100
1250046352
1250194580
1250215740
1250252724
1250273656
1250324780
1250370884
1250433524
1250454564
1250519760
1250764592
1250798528
1250811552
1250846588
1250948312
1251349816
1251424020
1251500904
1251529620
1251657940
1251708096
1251921784
1251959468
1252031064
1252096552
1252128700
1252187880
1252215448
1252265292
1252281588
1252960332
1253033840
1254886136
1254920840
1255000656
1255050668
1255058900
1255109884
1255337160
1255339920
1255393532
1255412392
1255507540
1255634796
1255706608
1255737140
1255793308
1255860336
1255882800
1256035984
1256085832
1256108608
1256149036
1256158512
1256191360
1256292676
1256303836
1256346216
1256396020
1256497260
1256553212
1256571164
1256583624
1256681336
1256784476
1256974088
1257178024
1257223976
1257290796
1257435512
1257452600
1257490956
1257667780
1257702168
1257730708
1257830672
1257887544
1257902552
1257926420
1257961380
1257996208
1258012096
1258026160
1258052476
1258083704
1259466920
1259525608
1259900832
1260118796
1260140764
1260159260
1260188116
1260212464
1260260616
1260319004
1260378592
1260531568
1260595876
1260641848
1260695656
1270188892
1270281388
1270392348
1270433160
1271195384
1271758764
1271966672
1271996648
1272005440
1272238872
1272482720
1272967088
1273143476
1273513432
1275709696
1276276432
1277016656
1277053356
1277309672
1277365280
1278281552
1279415640
1279523396
1280044876
1280121456
1280181744
1280233912
1280339628
1280370392
1280376688
1280422796
1280466936
1280506272
1280546264
1283657500
1284175068
1285172900
1287407568
1288136056
1288280656
1288301972
1288633608
1288780252
1288865684
1289032152
1289123780
1289242100
1289445176
1289482268
1289523896
1289648176
1289728184
1289823604
1289924640
1294779916
1294939152
1294979300
1294992980
1295032832
1295062580
1295128164
1295650784
1295703292
1295738592
1297840448
1297915580
1298042044
1298049856
1298085744
1298109188
1298135828
1298159452
1301640792
1301820556
1301869488
1305541492
1305930264
1305974264
1308362096
1308389216
1308426104
1308433168
1308439488
1308507620
1308555360
1308587412
1309803852
1310574624
1313169704
1314141648
1314211288
1314246992
1314707812
1314793476
1315109604
1315442884
1315787792
1315901668
1316652348
1316898920
1317616020
1317919324
1318112244
1319195392
1319242632
1319279564
1319324356
1319350176
1319392716
1319427016
1319822724
1321116656
1321447104
1321511296
1321543728
1321815656
1322776232
1322824900
1322868880
1322887480
1323372848
1323421088
1323573640
1325016828
1325132976
1325200720
1325230272
1325694760
1325826868
1326983928
1327107440
1327117588
1327498108
1327533848
1327678392
1328828576
1330006848
1332493108
1333131884
1333213012
1333267988
1333346064
1333432480
1333523136
1333595760
1333616196
1358720720
1383838808
1383855232
1383917984
1384021132
1384058796
1384226028
1384325244
1384371580
1384440124
1384553348
1384600428
1384626748
1384706068
1384730796
1384796736
1384819660
1385058440
1386312860
1386371908
1386449360
1387085608
1387167276
1387175440
1387187468
1387193932
1387310840
1387374316
1387412012
1387431272
1387457164
1387475888
1387709596
1387755420
1387790160
1387822940
1387831044
1388434344
1388574452
1388682640
1389029136
1390764764
1390871812
1390978812
1391071936
1391757636
1391793792
1392031372
1392072272
1392158156
1392211528
1392959612
1392980920
1393259076
1393333952
1393394748
1393452436
1393472584
1393627764
1393669688
1393707128
1393737244
1393801348
1393842216
1393941452
1393953124
1394010084
1394246180
1394290996
1394315692
1394463892
1394551756
1505486540
1505528112
1505572720
1505630088
1505675456
1505730340
1505782948
1505908728
1506370584
1506457456
1506465064
1506516836
1506535796
1506566668
1506600076
1506677492
1506688644
1506703436
1506741720
1506794172
1506869664
1506986520
1507019616
1507049392
1507097676
1507150924
1510896820
1510944792
1511105484
1511136272
1511158108
1511230088
1511255628
1511467900
1511492972
1511593700
1511660144
1511829352
1511898772
1511989460
1512128796
1512470188
1513490696
1513524144
1513646100
1513712648
1513756968
1513797884
1513805888
1513836920
1513858432
1513916960
1513957628
1514016272
1514055176
1514500660
1514553912
1514584784
1514617124
1516502152
1516550592
1516607368
1516849428
1517851084
1518045360
1518100080
1518204912
1520052784
1520099420
1520248708
1520309288
1520347272
1521511616
1522271024
1522305804
1522749348
1527682008
1528057848
1528287276
1528331764
1528753268
1529255396
1529754736
1531734448
1537005488
1541101868
1541160180
1541172324
1541266324
1541287160
1543594008
1543630500
1543679732
1543695936
1543869208
1543902372
1543935036
1549588392
1549894600
1551028780
1551122168
1551675508
1551816136
1551876428
1551946772
1552009400
1552032648
1552066740
1552512532
1552987604
1553099612
1553638632
1554330716
1554433600
1554532296
1554601664
1554735636
1555062020
1555093556
1555179920
1555270656
1555288364
1555388544
1555412840
1555458908
1555473660
1555583480
1555594448
1555660216
1555686540
1555731228
1555808828
1555821996
1555859024
1556078140
1556093372
1556368620
1556382600
1556391488
1556405528
1556442180
1556456216
1556466392
1556487740
1557765800
1557857980
1557928232
1557939252
1557969552
1557979616
1558017216
1559016884
1559050644
1559075040
1559126396
1559158736
1559170924
1559266900
1559283456
1559294876
1559320768
1559355728
1559365608
1559401996
1559454156
1559489684
1559560824
1559576076
1559607424
1559651380
1559689724
1560856760
1560876344
1560889208
1560908516
1561076952
1561092100
1561102676
1561139336
1561222232
1561257624
1561273200
1561282892
1561295880
1561333540
1561366520
1561408012
1561428956
1561453240
1561479760
1561508884
1565188112
1566507836
1568010084
1569213352
1569225920
1571068352
1571147208
1571266232
1571310276
1571344348
1571374644
1571392952
1571404872
1571813884
1571875592
1571911508
1571943012
1572286072
1572311636
1572324332
1572338952
1572357456
1572367788
1572374564
1572399940
1572979312
1573110620
1573147592
1573197072
1573763916
1573883888
1573923372
1574087704
1574141068
1574518620
1574666968
1574973748
1579163516
1579215644
1579283048
1579532844
1580275296
1580446176
1588146556
1588260464
1588302064
1588804824
1588886160
1588931112
1589122172
1589276684
1589353016
1591256600
1591272128
1591335088
1591639464
1591887384
1592145060
1592205900
1592512456
1592719704
1593227308
1593772516
1593936524
1594638564
1594722068
1594984692
1595195556
1595398756
1597080056
1597183460
1597277316
1597322644
1597408036
1597574832
1597673152
1597706692
1597830120
1597907588
1597993872
1598143676
1598161436
1598234688
1598268936
1598587844
1598613392
1598629504
1598655756
1598672280
1598854936
1599334560
1599357384
1599872744
1600533972
1601003956
1601021844
1601045652
1601111616
1601511252
1602087144
1602143564
1602188504
1602191252
1602799932
1603005968
1603306680
1603371212
1603448032
1603984260
1603992048
1604068940
1604190280
1604261304
1604362200
1604430892
1604531652
1604740316
1604781196
1610060268
1610062196
1610289568
1610966588
1611266836
1611405884
1611490016
1611554464
1611590212
1612322164
1612442016
1612482560
1613081932
1613251912
1614855256
1614884424
1614920896
1615048144
1615196912
1615230876
1615274384
1615349504
1615384424
1615432616
1615545764
1615976228
1616057820
1616102756
1616131232
1616393412
1616437740
1616522432
1616897300
1616929112
1616975300
1616982120
1616988112
1616995028
1617015232
1617024688
1617030664
1617039940
1617056128
1617064228
1617090268
1617104896
1617114808
1617123568
1617131240
1617243576
1617612476
1617627072
1617641340
1617693676
1675327036
1675431752
1675518464
1675535968
1676010788
1676951700
1677290176
1677310364
1677451284
1677676564
1678727616
1678758160
1679032212
1679207644
1679810608
1680318440
1680663704
1680869192
1680960480
1681566788
1681605728
1682959884
1683002916
1683017532
1683390332
1683405352
1683466476
1683509592
1703866700
1703888036
1703920300
1703959948
1703975988
1704014752
1704099996
1704996476
1705397408
1705408204
1705461448
1705527556
1705918196
1706235296
1707755220
1708347112
1708361808
1710404944
1711152028
1715718392
1715851324
1715904944
1715942200
1716057252
1716228864
1716294584
1716407160
1716499284
1717055644
1717179472
1717274644
1717343880
1717386668
1717398528
1717437120
1717446020
1717475200
1717503472
1717526608
1717544276
1717562240
1717572468
1717601000
1717614220
1717625104
1717680928
1717700892
1717710592
1717726464
1718557020
1719028736
1719631492
1720264972
1723561876
1724075420
1724307544
1724797660
1724841252
1726586152
1726612620
1726635808
1727094224
1727382604
1727665152
1727855412
1728007728
1728303172
1728450200
1728482872
1728516800
1728546736
1729226588
1729522236
1729625248
1729674752
1729716420
1729811200
1729831004
1729932456
1729958700
1729975056
1729984016
1729996452
1730006228
1730161368
1730444316
1730619540
1730659560
1730945644
1731312248
1731490164
1731533700
1731831900
1737367196
1737523692
1737618140
1737680636
1737780468
1737818316
1738265568
1738345728
1738478064
1738594792
1738717976
1738763828
1738769996
1739058448
1739331304
1739487160
1739576228
1740331372
1740425788
1740710120
1740806040
1740878572
1741125392
1741136328
1741166208
1741186684
1741449984
1741559740
1741630440
1741678084
1741693120
1741720884
1741792716
1741832128
1742124380
1742178084
1742234472
1742249628
1742280340
1742321772
1743115368
1743167408
1743198132
1743227716
1743565796
1743613792
1744076988
1744173756
1744226792
1744652016
1744686480
1745583436
1745625896
1745660984
1745694112
1745820376
1746384980
1746725072
1746911632
1747260912
1747445744
1747655604
1747792684
1748502420
1748564128
1748580136
1748630768
1748671164
1748731636
1748751216
1748779080
1748808036
1748836712
1748845992
1748871196
1748982328
1748994368
1749004216
1749181252
1749239028
1749255452
1749271080
1749283448
1749311680
1749336848
1749356744
1749427500
1751016148
1751126624
1751197480
1751460568
1751486676
1751563236
1751888500
1753135356
1753173464
1753182656
1753221548
1753245204
1753260700
1753293404
1753322584
1753366832
1753396060
1753406584
1753424308
1753432228
1753440676
1753453024
1753460536
1753478424
1753717672
1757166676
1757200228
1757271216
1757300568
1757339948
1757383476
1757450440
1757963272
1758078052
1758106252
1758126788
1758135896
1758168652
1758412576
1760586196
1760617240
1760626372
1760647340
1760729020
1760749540
1765234508
1765252308
1765275980
1765301024
1765331132
1765373880
1765428704
1765490424
1765565956
1765585416
1765616424
1765652184
1765692308
1765726788
1765741480
1765827932
1765867304
1766101280
1766114456
1766215720
1766287748
1766297464
1766340504
1766368188
1766505868
1766580584
1766606556
1766668712
1766690140
1767086188
1769159924
1770020276
1770438364
1770572108
1770771292
1772089480
1772624000
1776196604
1776600628
1776651604
1780691144
1782994328
1784322812
1784514824
1784535748
1785254320
1785267100
1786620820
1787654548
1787663636
1787744244
1787804568
1789713592
1790077968
1790280504
1790297948
1790350412
1790653496
1790807456
1790851828
1791113504
1795891736
1796056056
1796189852
1796469012
1796501136
1796577024
1797099116
1797178460
1797919868
1798430544
1798503620
1798970920
1799053100
1799099580
1799134904
1816202080
1816581388
1816620456
1816945928
1816991384
1817185988
1817383412
1817453680
1817584204
1817810328
1817878560
1818009000
1818306820
1818492808
1818514072
1818570336
1818610244
1818650508
1818988080
1820198704
1820877796
1821261044
1821299468
1821342416
1821358752
1821383656
1821424440
1821454448
1821512604
1821592796
1821622232
1821660456
1822109908
1822301740
1827258320
1828294804
1833356420
1833415728
1833467824
1833489768
1833548412
1834036932
1834080424
1834270340
1834326864
1834437916
1834517276
1834643032
1834767116
1834894720
1835020340
1835050644
1836601396
1838554536
1838983388
1839410372
1839626300
1839839316
1840377728
1840948500
1841514472
1841699304
1841860388
1842468756
1842738276
1842783732
1842788896
1843045892
1844199668
1844352696
1844473656
1844594924
1844773124
1845741252
1847188852
1847216356
1847254968
1847706992
1847748912
1848043528
1848362028
1848677024
1849006248
1851653016
1852210788
1855059248
1855719176
1857592116
1857965064
1858400924
1858495352
1858530792
1858613092
1858703408
1858802056
1859864188
1860006760
1860149864
1860809556
1861245820
1861406800
1861605828
1861688480
1861783520
1861904120
1863568376
1864048364
1864251212
1864309048
1864413912
1864614708
1864655532
1864987592
1865287420
1865447912
1865641776
1865766464
1865915824
1866030220
1867156940
1867226388
1867954700
1873390536
1873773396
1875020344
1888845220
1900539876
1909683448
1909929300
1910010956
1910136096
1910223904
1912886756
1912908752
1913205064
1913234340
1913656552
1913813352
1914065940
1914460544
1914860452
1915067664
1915336552
1916249692
1916332184
1916809932
1921201512
1929673852
1929683184
1929968136
1930794016
1931094480
1931403676
1931556560
1931592380
1931705476
1931872308
1932046028
1932207564
1932277488
1932289804
1932404948
1935370076
1935627620
1935651464
1936263692
1936333604
1940163248
1940182716
1940289292
1940376044
1940563184
1940690988
1940740972
1940968460
1941063604
1941661636
1941843096
1942222024
1942501812
1942749656
1942814472
1943188448
1943281576
1943411504
1943688924
1944176564
1944953332
1954138316
1962277016
1962300104
1962394640
1962439256
1962609928
1962657144
1962745212
1962857792
1962912760
1963109480
1963116092
1963217856
1966591752
1966633572
2032326884
2032438148
2032538572
2032633552
2032707708
2032986476
2033100848
2033179520
2034371236
2035167888
2035388016
2036060520
2036199812
2036790756
2036801476
2037243856
2037355552
2037815828
2039241788
2039379728
2039504028
2039518224
2039610548
2039751720
2040497756
2040822676
2040863140
2041299776
2041325192
2041457316
2041580712
2041754032
2042022468
2042116104
2042446484
2042776932
2043489424
2043512972
2043556804
2044215148
2044867300
2044885128
2045027672
2045054048
2045161216
2045226576
2049675244
2049763192
2050732472
2050824316
2050988212
2051011536
2051197968
2051208196
2051309184
2051819620
2053493600
2053502484
2053525320
2053553944
2053588112
2053621748
2053682212
2053928768
2054322320
2054711808
2054909352
2055135744
2055407796
2055662060
2055835904
2056173988
2056198572
2057289388
2057326712
2057541292
2057608324
2057693824
2057741612
2057789112
2057864540
2057932728
2057999784
2058010400
2058309100
2058385360
2058464464
2058540920
2058645292
2058668552
2058723328
2058785076
2059526524
2059628920
2059711596
2059821268
2071032444
2071045792
2071523892
2071574452
2071956548
2072150860
2084290212
2084695500
2084927352
2085350208
2089276284
2107983088
2108623828
2108863672
2110585864
2110806944
2111149060
2111561020
2111678964
2112286504
2112619656
2112902292
2113330028
2113616188
2113988292
2114343312
2114502780
2114777780
2115273452
2115370480
2116165540
2116507404
2117148252
2117470056
2117720284
2118131512
2118277648
2118343564
2118724740
2118747132
2119401596
2119759076
2120303828
2120734584
2121259064
2121890276
2121933804
2122052208
2122107344
2122909708
2122990744
2123112604
2123216880
2123324948
2123547588
2123614744
2135355936
2135615756
2135754412
2139706828
2147652948
2150387816
2150425240
2150461376
2150503856
2150540100
2150549628
2150621364
2150714380
2150757428
2150812376
2150846224
2150865920
2150901568
2150952808
2151005996
2151333304
2151385076
2151412896
2151562392
2151573500
2151622680
2151674184
2151765580
2151778316
2151950532
2151983576
2152373292
2155122832
2155153408
2155203132
2155215212
2155294112
2155451820
2155479372
2155515224
2155571908
2155742380
2155806316
2156451744
2156494940
2156723176
2156789360
2156884716
2156933912
2156964332
2156986908
2157023520
2157046728
2157056584
2157065192
2157079652
2157105796
2157115440
2157195832
2157203264
2157215464
2157238148
2157295948
2157308184
2157317912
2157349064
2159866840
2164650196
2167203404
2168242756
2169945112
2171817636
2173278240
2173773672
2180079292
2182398080
2185390912
2185712316
2189901908
2189952040
2190143668
2190157188
2192074792
2192182964
2192334252
2193193968
2193339656
2193350956
2193455648
2193482860
2193496116
2193517640
2194056344
2194062880
2194081824
2194196308
2194202756
2194212932
2194227476
2194238612
2194247576
2194259168
2194274292
2194287896
2194295404
2194302692
2194328136
2194398332
2194453796
2194502360
2194552484
2194606016
2194614728
2194622384
2194628884
2194636984
2194644812
2194655040
2194662924
2194702436
2194708920
2194719808
2194726156
2194733088
2194739180
2194751928
2196225292
2197208428
2199994324
2200533392
2202295380
2239467884
2245538296
2247433636
2247827516
2247889500
2247902376
2247909404
2247922160
2247935296
2247962644
2247972876
2248158072
2248171932
2248182984
2248189992
2248197352
2248204736
2248212528
2248223188
2248234204
2248242772
2248255152
2248265616
2257306376
2257316256
2257325580
2257335336
2257342104
2257350528
2257356668
2257363408
2259013096
2261016364
2261517840
2262077560
2262911572
2263245944
2263273632
2263427296
2263789220
2263921032
2264074480
2264246924
2265111112
2265549296
2266220720
2268731472
2270889128
2271163100
2271663780
2271884924
2272137524
2272477088
2273654668
2274087504
2274331264
2274577672
2274661888
2274689736
2274709060
2274720108
2274726564
2274791136
2274834112
2274882700
2274918224
2275009932
2275366660
2275414676
2275427792
2275445880
2275690872
2275747216
2275896556
2276091944
2276225632
2276391880
2276496060
2276581232
2276701104
2276841064
2277309672
2277502044
2279972036
2280206664
2280330188
2284079044
2284229432
2284409832
2284472780
2284625684
2284872616
2285012464
2285147128
2285171068
2285319880
2285355792
2285425612
2285519120
2285616592
2285710280
2285925800
2286025880
2286155616
2286249244
2286307156
2286352856
2286419780
2286607028
2286663588
2286772616
2286833320
2286888204
2286983084
2286993264
2287088020
2287181764
2287192888
2287236596
2287298236
2287356328
2287425744
2287442112
2287515184
2287626596
2287799100
2287813492
2287913692
2288022508
2288895452
2288984376
2289041772
2289176776
2289275320
2289375572
2289476740
2289815380
2289926136
2290024944
2290128740
2290227364
2290363884
2290461028
2290475488
2290578940
2290691396
2290787692
2290892216
2290992752
2291094180
2291197944
2291297376
2291398600
2291503776
2291606012
2291709436
2291811540
2291913484
2292016244
2292513804
2292747064
2293010776
2293468724
2293714476
2293948352
2294167312
2294387588
2294578672
2294779476
2294984776
2295028540
2295040880
2295057444
2295070424
2295091832
2295108028
2295131304
2295165344
2296511064
2297036196
2297381504
2304082400
2305755128
2310228104
2310263972
2310306348
2310849788
2310892644
2311214908
2311477292
2312978908
2313069316
2313742184
2313797660
2313989496
2314228472
2314312448
2314706644
2315187244
2316508624
2316573664
2316639068
2316698844
2316782260
2316837888
2316913716
2316977528
2317042152
2317108116
2317173488
2317197724
2317369584
2317435960
2317467040
2317576532
2317610452
2335238800
2379124052
2383124760
2385210040
2385221100
2385241292
2385286964
2385333824
2385342252
2385350724
2388716544
2389146168
2390654664
2392655252
2395226388
2396721516
2398795380
2400890844
2401216140
2401496752
2401684028
2403977744
2409612136
2409637964
2410592732
2417179132
2418384688
2420408848
2427739380
2427865900
2430166644
2430293496
2431440656
2431613212
2431862792
2432347556
2432567440
2432661384
2433116284
2433304300
2433448840
2433583080
2433696672
2433810244
2433962064
2434127384
2434316504
2444267412
2451456748
2452012776
2452151440
2452677248
2453207528
2454070076
2454812728
2455291132
2455814264
2456304748
2456508560
2456705688
2456899468
2457198776
2457574688
2457894152
2458218788
2458576208
2458777588
2458966852
2458984192
2459026480
2459059872
2459718296
2459940812
2459984068
2460568640
2464523608
2467535464
2469500820
2472501576
2474879588
2486147228
2491883060
2492051820
2492181008
2492688772
2493287236
2493528040
2493665632
2493802504
2494068592
2513536580
2513697112
2514813436
2515200928
2515767024
2528703488
2852976052
2857536080
2860955448
3078028204
3083148364
3085663536
3112091888
3225438496
3234325988
3258816220
3259010196
3259553788
3259992748
3260288704
3261021192
3261378644
3261673660
3262275780
3262886144
3263165820
3263381716
3263657104
3264268416
3264448032
3264520844
3264653600
3264766636
3265529712
3266289160
3266591428
3266912252
3267218280
3267361872
3267701064
3268008296
3268147040
3268257988
3268453568
3268622572
3268906276
3269082592
3269454924
3269706452
3269850424
3270015368
3271098840
3271281932
3271484524
3271744024
3271825832
3272037312
3272724672
3272944904
3273354012
3273756584
3274017848
3274331052
3274898328
3277388188
3278117848
3278174436
3278769356
3278806592
3280831896
3281503112
3282471532
3284616416
3285422656
3286400952
3286602880
3295300424
3295791704
3295953696
3297070368
3297842708
3298051152
3298849292
3299946476
3300657656
3301075940
3301558824
3302176124
3302764172
3303413532
3303614248
3303705412
3303917096
3304031132
3304190544
3304385420
3304554676
3304779220
3304839624
3304962548
3305157648
3305384532
3305515680
3305575776
3305721700
3305838772
3306221668
3306254020
3306278296
3306301548
3306381476
3306524116
3307205692
3307290784
3307346224
3307426468
3307527328
3307712028
3307740096
3307916392
3308150012
3308279528
3308406652
3308751340
3310026852
3310170804
3311109808
3311609992
3311764552
3311875692
3311980480
3312136776
3312275780
3312414404
3312565024
3312979248
3313099528
3313413792
3313781728
3314274072
3314472656
3315052400
3315605688
3315719528
3316490600
3320356848
3322370884
3322436736
3322659872
3323376808
3323708336
3323875392
3324602156
3333833136
3334027784
3334090200
3334223240
3334670220
3334831416
3334900724
3337083320
3337864692
3337881444
3338003164
3338142064
3338283552
3338477048
3341731596
3342847728
3342996976
3343091068
3343221620
3343334396
3343679148
3343753288
3343835664
3344090336
3344338768
3344374516
3346189228
3346406852
3346559904
3346643368
3347138576
3347235392
3347313536
3347337340
3347700232
3348481192
3348649852
3348820592
3348938340
3349014840
3349511356
3349711360
3349917580
3349997708
3350279960
3350529376
3350653536
3350793512
3350924536
3350996424
3351074544
3351143212
3351157880
3351289796
3351834324
3352197960
3352652928
3352884152
3353436940
3353610508
3353736936
3353816024
3354403524
3354998140
3355348216
3355635792
3355872216
3355927888
3355976088
3356189056
3356205036
3356305136
3356377004
3356407836
3356529208
3356578880
3356635612
3358483884
3360274732
3360646832
3360695468
3360928556
3361143776
3361520232
3361704564
3361801312
3362232912
3362254468
3362421372
3362507472
3362680888
3363323000
3363426520
3363513596
3365134984
3365380560
3365606776
3366364488
3366509512
3366528848
3366589416
3366702796
3367135744
3367639692
3367751412
3368555932
3368693432
3368709440
3369806520
3369978632
3392120184
3392176928
3393050108
3394117532
3394221792
3394384528
3394499540
3394538528
3394697040
3394937536
3395567284
3395892304
3396510128
3396901276
3397339660
3398152184
3399216244
3399531940
3400451860
3400846772
3400852780
3401302800
3401513768
3401984752
3403902644
3404179884
3404832340
3444333480
3445164532
3445584652
3447804504
3448436452
3449131556
3449821256
3450045724
3450157412
3450533312
3451520432
3458580300
3460962952
3461003876
3461242244
3461436200
3461490644
3461552452
3461675472
3461692816
3468548624
3469303668
3470874224
3471342512
3471831664
3471959680
3472444592
3479864964
3480406356
3482790660
3483265132
3483643188
3483681124
3486069784
3487046996
3488876032
3488970112
3489447444
3489477716
3492139164
3493362896
3494669452
3496009744
3496191980
3496436592
3496592380
3496599416
3496643740
3497529660
3497677172
3498845228
3499095688
3500182220
3500270960
3500981112
3501677960
3502501396
3502808036
3502987088
3503262660
3503877656
3504602648
3505267140
3505472264
3505550260
3505633548
3506622352
3508396624
3508530444
3509325164
3509629828
3509711396
3509936764
3510722280
3511425736
3511507196
3512584300
3512598276
3512787616
3515196300
3518909136
3522479340
3527809012
3529386920
3548379972
3569091420
3572221904
3573133532
3573900832
3574904312
3577133340
3599282520
3609199980
3619649152
3644004132
3644578908
3646036564
3651382688
3656095600
3659341748
3660538804
3662516592
3663267436
3665048700
3666058772
3666635764
3667573088
3669442772
3672620812
3675708600
3694563696
3702985720
3705245636
3714283860
3743858340
3750174880
3760620504
3762952520
3779391804
3788487716
3804166148
3816673884
3820039324
3820733188
3820750604
3820774888
3821660044
3821699788
3821768996
3822793380
3823364388
3823577724
3824081756
3824766296
3824795164
3824834576
3825374292
3829967200
3840651472
3847739144
3855521400
3860554360
3866040032
3873636520
3880341460
3882447404
3882712864
3883081324
3888287060
3889197604
3891349024
3892325948
