0
383728
977716
1046136
1269936
1382328
1575628
2342688
2605656
2670696
2686744
2797492
2816036
3028464
3367292
4936884
5544336
5612128
7175332
7891436
8219884
8332888
12398580
12447844
12915668
12937972
13007648
13079616
13183932
13242264
13459056
13504900
13715356
13778388
13858084
13921852
13977380
14029408
14191220
14291292
14333088
14448588
14507272
14636076
21146948
21166668
21228036
21324932
21379312
22700968
25403664
25487588
25632980
25696040
25745224
29156792
29269872
29320976
29351296
29414312
35130964
35202860
35284260
35325392
36287996
36336668
36380344
36393936
36857236
37153456
37336084
38732996
39401492
39486572
40686944
42421724
42434432
42934200
43013628
43054136
43094884
43209156
43235384
43374132
43504480
43521404
43706464
43857796
43886004
44002336
44047372
44083652
44114664
44281196
44347400
44369736
44383360
44860348
44884620
44896740
44938376
45024856
45132320
45198940
46234648
58459060
58509472
58603428
58689228
58897764
59109588
59167580
59268908
59360936
59435080
59463752
59525488
59563636
59863196
59900804
60125456
60421164
60565916
60892692
60989016
61048836
61076072
61500536
61578716
95836668
97225788
97266464
97409836
97532052
97662340
97826132
97907712
98155060
98205984
98258336
98337728
98367856
98467460
98524488
98584112
98666768
98852308
98886520
99030212
99138068
99224160
99252304
99316760
99347480
99416748
99597332
99630980
99659240
99706032
99743536
99774072
99803396
100044168
100211672
102112848
102520068
103321340
103661196
104636796
104788160
105296628
105409248
105499592
105640220
105704340
105771168
105838704
114372244
114612252
114700900
114730492
114938984
115198412
115239308
115377720
115471088
115578740
115972576
116090236
116297816
116381920
116756232
121570396
124489744
124579288
124686716
124785624
124834452
124877400
124953880
125122484
125248824
125344320
125428584
125560812
125675956
125890548
126179332
126293052
126531580
126673416
126765720
126943396
132794704
133261432
133285400
133304868
143570672
145163832
145332880
145494340
151191056
151280528
151490764
151578000
153081268
153176656
153303264
153370864
153453412
153488344
153951012
153994472
430852016
430869276
431238632
431572660
431764972
433962160
434438928
434558956
434721812
434915372
435349528
437521568
437529760
437799672
438041660
438287064
438667100
438712816
438834192
438835516
438835936
438843228
438843448
438844256
438858736
438872504
438886472
438916912
438942568
438961116
438992424
439070800
439090024
439124004
439158516
439182132
439214724
439328612
439330424
439331088
439332000
439332784
439333412
439335476
439335936
439336244
439338420
439339844
439342440
439347160
439352524
439353176
439354332
439360948
439367360
439729812
439732172
439744332
439767656
439776080
439782340
439792204
439798776
439805492
439811644
439817612
439846184
439854944
439861904
439867896
439876412
439883604
439892908
439899752
439906204
439914656
439920884
439927444
439941076
439951432
439957404
439970244
439976580
439988116
440000128
440009272
440020040
440026568
440037752
440047656
440054896
440061076
440075764
440083544
440091012
440098020
440114628
440125576
440133180
440139940
440147064
440153868
440161288
440177460
440217916
440228076
440249600
440256656
440266488
440283528
440295264
440304892
440317312
440362380
441911528
441932344
441955408
441974816
441988464
442012248
442025380
442079352
442191184
442592892
442611320
442636680
442657824
442674676
442721924
442755108
442972100
443825588
443904164
444091428
444106396
444242460
444251892
444258056
444258512
444262504
444262908
444263316
444265748
444266392
444268564
444270696
444271276
444272132
444273492
444274556
444274740
444275260
444275940
444276584
444276872
444277108
444278932
444279208
444279608
444280104
444282328
444282856
444283496
444284160
444285040
444285616
444286392
444287212
444287848
444289012
444292484
444294048
444294676
444295348
444295936
444296152
444296532
444297124
444297492
444297688
444298008
444298468
444299036
444299344
444299640
444300316
444300984
444301384
444302032
444302408
444305552
444343872
444344300
444345288
444346192
444346660
444347468
444347796
444348224
444348596
444349092
444349460
444349656
444350072
444350384
444351052
444351352
444351600
444351860
444352384
444352648
444353000
444353812
444354508
444361220
444361596
444362152
444362544
444362840
444363444
444363980
444364528
444367536
444368076
444368388
444368628
444368896
444369268
444369480
444369864
444370108
444424564
444429252
444429460
444430188
444430724
444431164
444431596
444439572
444448212
444455416
444455624
444455896
444456560
444460732
444464456
444464732
444465024
444465440
444465844
444466868
444467252
444467932
444468624
444469552
444469772
444470004
444470492
444482756
444550344
444625632
444798648
444800164
444801532
444801892
444802620
444804348
444805664
444807040
444810060
444811416
444811744
444811876
444812036
444812672
444813104
444813344
444813772
444818556
444821828
444825868
444827068
444827724
444828036
444828572
444829364
444831596
444832568
444834344
444834912
444839276
444840896
444841400
444841872
444843640
444844284
444853032
444854540
444863672
444866444
444867372
444867900
444871132
444873184
444874396
444874792
444875336
444876112
444879632
444882348
444882900
444884532
444892208
444988072
445007456
445024116
445039228
445061556
445091032
445117812
445206388
445220372
445249244
445264336
445268292
445280272
445302296
445404912
445479256
445576588
445785576
445838012
445884148
445937692
446107560
446195772
446282480
446321820
446337556
446349368
446370224
446386800
446410692
446442804
446474392
446644236
446711104
446768224
446906160
446963808
447022984
447132080
447269492
467782932
467964096
468027500
468235016
468316796
468325000
468352820
468377360
468406028
468466536
469490480
469639812
469823116
470104952
470147488
470192460
470248476
470315272
470432164
470623764
470857348
470974664
471103812
471170292
471435632
471622328
471885396
472161272
472286268
472347720
472437088
472451632
472469752
472484604
472502604
472568256
472581312
472596668
472606696
472615520
472630296
472633612
477035908
480799412
484542664
488538924
488577920
488617008
488723192
488834004
488966796
488982620
488984860
488997964
489056600
489123988
489136656
489148700
489186512
489225248
489230068
489265192
489281872
489288836
489294520
489294788
490116176
490155520
490798456
494725448
544411708
546999800
547091580
547645788
548694152
549564908
556928928
563775484
563885444
565715828
572312364
576093400
578411372
583658716
591624488
591640628
594724832
594808944
594952984
594989704
595086888
595184832
595388420
595519824
595524944
595757276
596139380
596498400
596897792
598139012
598576844
598605060
598641292
598663520
598676296
598694856
598713616
599036544
599155776
599179244
599215604
599349540
599384876
600211440
600540912
600662636
610562888
610860724
611397960
611713924
612234156
612827972
612897200
613169824
613416236
613438628
613543364
613835868
614016552
614132588
614169684
614287336
614435412
617427404
617583700
620189616
620195244
620230096
620875080
621071284
621403724
622455892
623319356
623453248
623542272
623855344
623916120
623978112
624035280
624106252
624215288
624304028
624437824
624763220
624840484
624945632
625099744
625337560
625464064
625662020
625917720
625972992
626031424
626156572
626281904
626639288
626921872
627205192
627461016
627650404
627885480
627982044
628127324
628148248
628478392
628647612
628845980
628963172
629048776
629070084
629149436
629222372
629432360
629542088
629586340
629724164
629814244
629867792
630077364
630328576
630451716
630786336
630869104
630893340
630952632
631093172
631189588
631377640
631469140
631633740
631716936
631819500
631884892
631979272
632336620
632693068
632869988
633689456
634918816
635738680
635932080
636079624
636314336
636921220
637197604
638033852
638081448
638323040
638426772
641319496
641346704
641555696
641728312
641847316
641985392
642107228
642146456
642203992
642294108
642833600
643436556
647011904
650110440
650166160
650220500
650236268
650299496
650357852
650889444
650903484
651510524
651619720
651675952
651910060
651986708
652023832
652228232
652440496
652538176
652790024
652987616
654267956
654431948
654463168
656744232
656779036
657787632
658043020
686464996
686548468
689098360
689204048
690491208
697376824
699265256
699483192
699680892
699894916
702984664
703402424
703454264
704904440
707372284
708054792
708229456
708272012
708284940
710632488
713598920
714055940
714141956
714452612
714583844
714645560
714656552
714880452
724290048
724377340
724443524
725313300
725680636
725764540
725810832
726208064
726871248
727809964
728031672
728082600
728415412
728652772
728673436
728691224
729125352
729225924
729303748
730389288
730454416
730655868
730748888
730991312
731007244
731114668
738177420
738265388
743094112
743172220
743208844
743233252
743518396
743726360
743757992
744327464
746567532
746631244
747667680
747713972
747732072
748130880
748951232
749713184
749994172
750953056
754787096
755687716
755934356
755958880
756014328
756449712
756825476
758403880
758567156
758656412
758873820
759186296
764125532
764344196
764384888
764584440
765120080
766541560
766626704
766754680
766812816
767422948
769163056
769337420
774978792
775763016
775817712
776066436
776081500
776939032
777502152
777615432
777708828
778284012
779609376
779709720
779765180
779793724
780502204
780586708
780674872
780689636
780741204
780836000
781033928
781044972
781128892
781157556
781266364
781365436
781439292
781526116
781603692
781848516
781873204
781966060
782623700
783030900
783198456
783331416
783377668
783588196
783874492
785554844
785562148
785851532
785928544
786006056
786019312
787243348
787918468
788004488
788054492
789443668
789460300
789770372
789966108
790054856
790720124
791408436
791500416
791636456
791693916
791713664
791816788
791898052
791967808
792623716
793234416
793496220
793542140
793836664
793868060
793928640
794134416
794239112
795175932
795188688
795278936
795321992
795350484
795729384
795786400
795890140
799263584
799323040
799553144
799727540
799798584
800569044
803480724
803875916
804125920
804257868
804333576
804396608
808238176
808385500
808429024
808479620
808985360
809002340
809024124
810438352
810577504
810608588
810620564
810628488
811987372
813217168
813225336
813720172
813908876
814232364
814545176
814950592
815300352
819553048
819688824
819722652
820036136
820054676
820095588
820258384
828869664
831609572
831630740
831641820
832037200
832071744
832081836
832098624
832116652
832244396
832579020
832607396
832647184
832898556
833092780
833356864
833675264
833734104
833827760
833893572
833949996
833968332
833995804
834301892
834427772
834466208
835195228
835254432
835274104
835569524
836802780
837187636
837734532
837784032
838317576
838398404
838910812
838998748
839536820
839693740
840363420
840479252
840501128
840515972
840710168
841428964
841439956
841508716
841538352
841573796
847817236
847879436
848491556
848556736
848742028
848779672
848844220
849537404
850064680
850081572
850530308
850585056
850735308
850855300
850893008
850904988
851008916
851183416
851283256
868539644
868624508
869035328
870502244
870680800
872308500
872389104
873844360
873866652
873902348
875911868
875922012
876285216
876346944
876574236
876728984
876902492
876942724
877030580
877310384
877389224
877580988
877848496
877889916
878039556
878133392
880095044
880196672
880338720
880389208
880440568
880610924
880665348
880684500
880738484
880952440
880978816
881339524
889419976
913028096
917505756
917848800
918077208
921430188
921449596
924000720
924794640
924954536
924965816
925015624
925106664
925154788
925171752
925183240
925191900
925232572
925260428
925328032
925337240
925374124
925513104
925695548
925713948
925830752
925837616
925845356
925856772
925858412
925871656
925880708
925889264
925895280
925903064
925909428
925924412
925932088
925938188
926025528
926031912
926039020
926045796
926051656
926059384
926066128
926073224
926080316
926086656
926093328
926101436
926107612
926110232
926110596
926117720
926128076
926137704
926144260
926153556
926172564
926180228
926190988
926197968
926302676
926314460
926320656
926327112
926334656
926341036
926348184
926354356
926361320
926367620
926381948
926391328
926399572
926438536
926444976
926458824
926555292
926799664
926806408
926815196
926821504
926828404
926836312
926842324
926848748
926855208
926861620
926868544
926879284
926885488
926924636
926934388
926942420
926951352
926961032
926967664
926975972
926987348
926994884
927001228
927013408
927400668
927409056
927415664
927424620
927433784
927459864
927497864
927525524
927532008
927538236
927557340
927563644
927571008
927578480
927584420
927590472
927596692
927602576
927611464
927625172
927690208
927720244
927730360
927737344
927743692
927750764
927779184
927802496
927810564
927818340
927824572
927830496
927838332
927846528
927857648
927866640
927873088
927880944
927887552
927894236
927900764
927907332
927914416
927928584
927943428
927951488
927969516
927976040
927982524
927993400
928010896
928018088
928031780
928038140
928046952
928053064
928059976
928072536
928080780
928088064
928101664
928107492
928117800
928129336
928140444
928146684
928153180
928175032
928229772
928236448
928243648
928252860
928262456
928270536
928277820
928285416
928292492
928310440
928317796
928325584
928337708
928348940
928356368
928363032
928373432
928387724
928394716
928401524
928409400
928416208
928425768
928435492
928441760
928462068
928472172
928479692
928490856
928499772
928518072
928533668
928559332
928578296
928596368
928618796
928698696
928761132
928779936
928786676
928793540
928800756
928812940
928819572
928829676
928836580
928863436
928896856
928921224
928929588
928937412
928949244
928955624
928963704
928973744
928980968
928987168
928994292
929001204
929008852
929020524
929027460
929035576
929042580
929049360
929055888
929062380
929070900
929077616
929083984
929090124
929096928
929102904
929103432
929111860
929128932
929155640
929169968
929183000
929189948
929207380
929220568
929227092
929233456
929239952
929249772
929255800
929261988
929269704
929276916
929283672
929290156
929296348
929307348
929313916
929320932
929328512
929334664
929343484
929351044
929361040
929367300
929373608
929381328
929388792
929394816
929408276
929416012
929426848
929435580
929447828
929454872
929461780
929467692
929473856
929481620
929490264
929496900
929503724
929507848
929551372
929558540
929564300
929570732
929577180
929584928
929591596
929610924
929634508
929798308
929924804
930062232
930137920
930154180
930180032
930213340
930223152
930256164
930291264
930337188
930473604
930488344
930507260
930539400
930559836
930632504
930657408
930720304
930854424
930964964
930979212
930988672
930996700
931027004
931124444
931152376
931162920
931208800
931222204
931232584
931255664
931278968
931303452
931326736
931355192
931370888
931428816
931512196
931537076
931549988
931596980
931765412
931901752
931908536
931925104
931931356
931960932
931969576
931986888
932086560
932105288
932208184
932225152
932235576
932343560
932394740
932469408
932476292
932498020
932599560
932684760
932697932
932731392
932763844
932847316
932982340
933067656
933100892
933253124
933313052
934257528
934270248
934370768
934421960
934595340
934628076
934677024
934739580
934814048
935891316
935931232
935995432
936018380
936075048
936188288
936321176
936418840
936565728
936700400
936726948
937292548
937321604
937489492
937517116
937728668
937815204
937845620
938119700
938184056
938226860
938311072
938335752
938372596
938549480
938594004
938644636
938723164
938767188
938822016
938853696
938878428
938952924
938963396
938980096
939035380
939049388
939075296
939092920
939128136
940497284
940517216
940572404
941267348
941417188
941441252
941474164
941506876
943124072
945657356
945721160
945764988
946005428
946052960
946077476
946195692
946220008
946394820
946713160
947614844
947624176
947659416
947677672
949280248
949316844
949346236
949381304
949422132
949471024
949577780
949609492
949687380
954078252
954495556
954588184
954630108
954642436
954658304
954720120
954731524
954757248
954815328
955122612
955174384
955232228
955266784
955292724
955306408
955345500
955355612
955362100
955545996
956064256
956074844
956082956
956095956
956110728
956128860
956162788
956656620
956670376
956679344
956743924
957088076
957108212
957114876
957563820
957638548
957705972
957734760
957768028
957818116
957845176
957901376
957930960
957978912
958046592
958059620
958158480
958169616
958194556
958364888
958384228
966506384
966858764
967210656
969764516
971952332
978502716
984523356
987216324
987451960
987512380
988117936
992808392
992987948
993919084
994831504
997505092
999742652
1004569828
1015552780
1020513548
1023898368
1027403248
1035528552
1035651484
1036027380
1036086816
1037196272
1041754568
1042665824
1043972500
1053522272
1055136840
1055382900
1057795740
1063559752
1069126356
1069555580
1069919264
1070404816
1070965932
1074187568
1077303740
1078541876
1078938132
1089310360
1097681296
1102392916
1109501156
1109513168
1109590692
1127802168
1127908096
1128017536
1135802132
1146791732
1149295088
1150756900
1150858376
1150987524
1151994100
1152105756
1152133304
1152143884
1152203768
1152259280
1152268204
1152282252
1152292128
1154077940
1154138668
1154215572
1154235840
1154547788
1154572320
1154594880
1154616156
1154833356
1155122372
1155179600
1155211228
1155229648
1155245740
1155334528
1155352516
1156028392
1156061160
1156082084
1156100732
1156113852
1156165588
1156187976
1156232020
1156325416
1156345812
1156354108
1156363792
1156374188
1156439204
1156505504
1156531800
1156578684
1156644656
1156676732
1156711396
1156781192
1156810512
1157140236
1157198264
1157301780
1157376512
1157430176
1160631116
1160764168
1160822156
1160917224
1161016276
1161155356
1161198124
1161588560
1161611092
1161687024
1161727524
1162871876
1162879712
1162911520
1162935860
1162958876
1163007432
1181030828
1181072780
1181107948
1181131928
1187104248
1188074056
1189773884
1189925444
1190073868
1190203548
1190502404
1190749976
1191024380
1192182128
1192993880
1193325628
1193444836
1193458408
1193485692
1193727952
1194091788
1194762688
1194918332
1194948676
1195029552
1195203424
1195351940
1195593264
1195674440
1195730016
1195827020
1195995996
1196032624
1196056764
1196081336
1196391660
1196987276
1197195260
1197278396
1197326692
1197362912
1197814280
1198220016
1198975480
1199696152
1200214240
1200825508
1201202516
1201823880
1202324016
1202927068
1203293624
1203831968
1205294432
1206513028
1206540452
1206598320
1206719676
1206755588
1206792016
1206869252
1206935032
1206994256
1207070904
1207111960
1207129064
1208036956
1209794420
1210196424
1210549160
1210651240
1210857628
1212340152
1212843100
1213407664
1214494968
1215600540
1216720976
1217853560
1218735920
1219359020
1228680620
1229827248
1231959032
1234312860
1234843364
1235725460
1236298768
1239933316
1240313108
1240478928
1241354660
1241845848
1242123596
1242274356
1242650072
1242896324
1243513780
1243838268
1254734476
1262233404
1262240964
1262393588
1264507508
1265214856
1265758808
1266434284
1267339912
1267807152
1269042916
1269479144
1269660356
1270201496
1270521568
1277808704
1278287460
1278788172
1278836368
1279285692
1279301840
1279350728
1280661888
1280740344
1281082968
1281128456
1281684140
1282185240
1282718912
1283405844
1283571664
1283973004
1284315880
1284651304
1285478040
1285881768
1286345588
1287090516
1291270564
1308560200
1308717936
1308780636
1308945740
1308975968
1310209688
1310327472
1310362084
1310671480
1311146544
1311357648
1312891312
1313264452
1313702368
1314107560
1314934352
1315607692
1315805184
1316297016
1316833888
1317353396
1318366044
1318953392
1319504012
1320092472
1320591832
1321216232
1321304560
1342317152
1345710336
1345808388
1345917472
1345992964
1361632204
1365322764
1369046800
1371919004
1372751500
1373060664
1373468596
1373819168
1374134788
1374571604
1374596068
1378459020
1379957324
1380162248
1380201168
1380434212
1380520416
1380853680
1381343236
1384105464
1384168572
1384208452
1384286708
1384332016
1384387800
1388817600
1388960756
1389872004
1389935348
1389964172
1390095244
1391383808
1391596596
1391660056
1391677220
1391705880
1391771364
1393892196
1397108532
1397219716
1397266644
1399856548
1399912004
1400069616
1400211488
1400416080
1400521108
1400711292
1400834244
1400987544
1401048348
1401191764
1402497628
1402556680
1402645564
1402652244
1402758060
1403240048
1406139972
1407626616
1407664464
1408907684
1410404340
1410457672
1412723204
1412805504
1412851104
1412986884
1413043648
1413207048
1419999704
1420931664
1420986932
1422257144
1424447636
1424481252
1424510884
1424543296
1424577176
1424704020
1425430452
1425926572
1425941212
1428124944
1428466980
1429254164
1432763576
1434094160
1435246580
1436642912
1438476528
1443693108
1449979628
1450403664
1451565344
1452284680
1452924768
1453279748
1453717380
1454463984
1455152524
1455344532
1455655588
1456357524
1456771216
1457405292
1458938404
1459680456
1460600996
1461917644
1465330552
1467258232
1468358720
1468883096
1469543444
1470185760
1470592540
1470774492
1470877088
1470908260
1471263880
1472003892
1472173944
1473320560
1473732544
1474600080
1475276508
1475346104
1475489532
1476433640
1476504376
1477056516
1477558280
1477840380
1478608064
1479273424
1479887636
1480879552
1481822620
1481877684
1482128016
1482153752
1482996852
1483607652
1483651464
1483697920
1483741948
1483770496
1484046604
1488311572
1488478916
1490475016
1490526828
1491574208
1491763444
1492336588
1492462084
1493806572
1493853784
1494172328
1494415100
1494838240
1495960216
1496783292
1496829140
1496890700
1497840852
1497920604
1497977216
1498176604
1498271072
1498490580
1498936444
1499256124
1499512520
1499728496
1500032288
1500043476
1501209380
1501452384
1502235480
1502400432
1503516804
1505743268
1505901948
1506618428
1507033724
1507305868
1508971524
1509713920
1510083940
1510316092
1510670928
1510718576
1510800140
1510884256
1511053888
1511109104
1511125736
1514982292
1516234268
1517198432
1520152424
1521469436
1522184716
1522988916
1526871028
1527666924
1531495976
1531831536
1532482304
1533150516
1533917460
1535396304
1536024900
1538657104
1538747192
1538856052
1539188584
1541756340
1542537728
1543269888
1544125660
1544594828
1545458880
1545596428
1545806464
1545857724
1546202492
1558555376
1558769988
1558876848
1559436980
1560198828
1560291364
1560636112
1563073084
1563523372
1564157540
1564748396
1565459872
1568875452
1569559996
1573998572
1575179028
1575906028
1576278404
1579662752
1579825516
1580236896
1580419900
1580516316
1581174304
1584438376
1586018640
1586048744
1586202268
1593367296
1593954000
1594093408
1595264812
1598031452
1604713056
1608301460
1608986416
1611798488
1612029976
1612719356
1614023884
1614919292
1615139968
1616424228
1617203396
1620294432
1620348360
1622170924
1624844516
1625870744
1628309944
1629126420
1629263924
1629409768
1630251796
1630378040
1630778988
1630878776
1631130232
1631620988
1631667432
1632615684
1633556708
1635413184
1635573160
1635706656
1636253440
1636477044
1636982772
1637277972
1637840048
1643271944
1645470960
1648276704
1648872332
1649545692
1649959068
1650363020
1651326112
1651608332
1651945076
1652236312
1652579768
1652956672
1653686600
1654681032
1655173516
1655648152
1658587832
1659085600
1659680060
1659942060
1660304796
1661064712
1661438032
1661760992
1662235292
1662873508
1663851044
1664764564
1665940552
1666273320
1666817304
1667270836
1668690452
1669077164
1670001408
1671179648
1673269716
1674117796
1675221076
1676385712
1677448180
1679573408
1681283584
1681991040
1682532440
1682772484
1683135324
1683369680
1684053864
