0
3368044
3395580
3458724
7205616
12787928
34139344
34703524
40557352
41919736
44518924
44779416
46147796
46679568
50373188
50713144
50786380
51921420
52602288
53165392
53505984
54386120
54946784
55626200
56151816
57694724
61044912
61095180
61134424
61230852
62567956
62777152
65603424
67395568
69006636
70081684
71307264
71483776
71667044
71783960
71946068
72496044
72517372
72608988
73040156
73136472
73268364
73327520
73417252
73710340
73904260
75180240
75450704
75481504
75611096
89713132
90028764
90290492
91649220
92990488
93344804
93734072
93862964
95288688
96185832
97104744
97833720
100029008
102008748
104452848
104856512
105915780
106040724
106095408
106157840
106210916
106261920
106303208
106356120
106373596
106383660
106394668
106409880
106841516
107047448
107163992
107799464
113061580
115301876
116568500
119013100
119082512
120158920
123152200
125071312
126280140
133923544
146100692
2183123440
2236802820
2238365412
2239463244
2239945728
2240462324
2240811020
2255588112
2308437512
2309879592
2311481448
2312443716
2313607812
2315848540
2372412232
2372767392
2373690748
2376086476
2449248536
2449637248
2449891536
2450856108
2452513068
2452727028
2452739896
2452759004
2453095232
2453250728
2454832728
2455735712
2459240284
2459409876
2459551160
2460083504
2461988772
2462692096
2464201568
2464807676
2464819548
2464890860
2465439988
2465465080
2465511444
2468283928
2472151424
2473505072
2473694416
2474096100
2480430784
2480693784
2482451064
2484162144
2484331444
2486398848
2486424180
2486458004
2486501940
2486523248
2486561084
2486586884
2486619864
2486655540
2487099348
2487133788
2487148596
2491197732
2491253868
2491378692
2491508844
2623665456
2623802548
2623995344
2624306144
2625444360
2625460828
2626012296
2626128556
2628176184
2628283560
2628450972
2628462476
2628536216
2628554020
2630030212
2630509196
2631565236
2631833696
2632030736
2632053592
2632135900
2632643752
2632754868
2632798788
2634007604
2634152652
2634507292
2634635828
2635109588
2635172456
2635206664
2635657004
2635665780
2635745036
2636050188
2636496032
2636798264
2636951692
2637055188
2637960028
2638068080
2638088420
2639668196
2639762836
2639797712
2641366640
2668987112
2668997832
2669303676
2669708864
2669805896
2669968768
2670376324
2670503036
2670829944
2671115312
2672007196
2672058244
2672124024
2672180392
2672264680
2672447800
2677546004
2677763712
2678912344
2680902080
2680941756
2681168020
2681994448
2682015888
2682128104
2682177608
2683052748
2683124988
2683485188
2683999372
2684983840
2686458288
2686840092
2687786492
2688066440
2690280156
2690376920
2690383904
2690402752
2690425204
2695364920
2697420016
2699999984
2700075880
2700654876
2704908244
2704963372
2704984860
2704996052
2705043044
2705070904
2705361272
2705376052
2705878052
2706539204
2706571476
2706784636
2707768508
2707787272
2707792324
2709105016
2709110608
2709259512
2709761456
2710561340
2711047128
2711625856
2712622848
2712938032
2713178844
2713927452
2714332076
2715905340
2716043256
2716086828
2716099928
2716117300
2716125604
2716130604
2716148224
2716188324
2716215104
2716231052
2716239224
2716290896
2716292608
2716298156
2716300956
2716309316
2717647736
2718020972
2718060700
2718167336
2718175024
2718443008
2718497152
2718549224
2718559360
2718782252
2719382596
2719474196
2719743056
2719766712
2719838552
2719855416
2719873016
2719924228
2719955996
2719963320
2719993300
2720017304
2720079200
2720163244
2720177572
2720189168
2720200100
2720281652
2720423240
2720743200
2721700596
2722136572
2722629564
2723229784
2723845772
2724931420
2725521268
2727437208
2727895424
2728253144
2728430544
2728494796
2728552932
2728623276
2728658128
2728705424
2728808300
2728938564
2728970904
2729767592
2729856548
2729973524
2736630108
2740019592
2741054236
2746875140
2748252928
2752045768
2752292580
2754136764
2755086320
2755669024
2755712308
2755867892
2755951388
2756214320
2766072320
2768079876
2768159212
2769065696
2769403164
2769804256
2769986240
2770777112
2770866408
2770953264
2771048352
2771324196
2771587088
2771780680
2771977372
2772029408
2772073464
2774071388
2774175924
2774336292
2774489960
2774506824
2775274172
2777706436
2777784680
2778433468
